  Run_nr	    Time	   Alpha	    Beta	Delta_Pb	   P_bar	       T	      B1	      B2	      B3	      B4	      B5	      B6	     rpm	     Rho	       Q	       V	      Re	 nrotor1	 nrotor2	      I1	      I2	    dptq	  Extra1	  Extra2	  Extra3	  Extra4	  Extra5	  Extra6	  Extra7	  Extra8	  Extra9	 Extra10
       /	   H:M:S	 degrees	 degrees	      Pa	     hPa	 degr._C	   steps	   steps	   steps	   steps	   steps	   steps	   1/min	  kg/m^3	      Pa	     m/s	       /	     1/s	     1/s	       A	       A	      Pa	       /	       /	       /	       /	       /	       /	       /	       /	       /	       /
       1	 19:45:41	  10.000	  -9.995	  407.22	 1008.56	   21.33	  2258.8	  1261.3	  1997.0	  1041.2	  1662.6	  -192.7	 477.301	   1.193	   954.2	    40.0	  432657	    0.00	    0.00	    0.00	    0.00	    0.00	   0.000	   0.000	   0.000	   0.000	   0.000	   0.000	   0.000	   0.000	   0.000	   0.000
       2	 19:46:27	  10.000	  -9.000	  407.23	 1008.54	   21.40	  1979.0	  2092.2	  2129.9	   943.4	  1543.7	  -737.2	 477.039	   1.193	   954.2	    40.0	  432534	    0.00	    0.00	    0.00	    0.00	    0.00	   0.000	   0.000	   0.000	   0.000	   0.000	   0.000	   0.000	   0.000	   0.000	   0.000
       3	 19:47:12	  10.000	  -7.995	  407.13	 1008.53	   21.44	  2041.7	  1854.4	  2019.1	   991.7	  1597.6	  -682.5	 476.896	   1.193	   954.0	    40.0	  432397	    0.00	    0.00	    0.00	    0.00	    0.00	   0.000	   0.000	   0.000	   0.000	   0.000	   0.000	   0.000	   0.000	   0.000	   0.000
       4	 19:47:50	  10.000	  -7.000	  407.17	 1008.54	   21.46	  2239.2	  1696.9	  1853.8	   915.2	  1769.3	  -696.0	 476.897	   1.193	   954.1	    40.0	  432381	    0.00	    0.00	    0.00	    0.00	    0.00	   0.000	   0.000	   0.000	   0.000	   0.000	   0.000	   0.000	   0.000	   0.000	   0.000
       5	 19:48:27	  10.000	  -6.000	  407.23	 1008.51	   21.48	  2290.6	  1399.1	  1744.9	   977.7	  1803.1	  -591.4	 476.557	   1.192	   954.2	    40.0	  432361	    0.00	    0.00	    0.00	    0.00	    0.00	   0.000	   0.000	   0.000	   0.000	   0.000	   0.000	   0.000	   0.000	   0.000	   0.000
       6	 19:49:07	  10.000	  -5.000	  407.14	 1008.50	   21.51	  2314.5	  1157.4	  1663.6	  1035.5	  1826.2	  -505.3	 476.171	   1.192	   954.0	    40.0	  432265	    0.00	    0.00	    0.00	    0.00	    0.00	   0.000	   0.000	   0.000	   0.000	   0.000	   0.000	   0.000	   0.000	   0.000	   0.000
       7	 19:49:52	  10.000	  -4.000	  407.06	 1008.52	   21.52	  2341.9	   870.7	  1571.0	  1099.2	  1848.7	  -394.3	 475.282	   1.192	   953.8	    40.0	  432205	    0.00	    0.00	    0.00	    0.00	    0.00	   0.000	   0.000	   0.000	   0.000	   0.000	   0.000	   0.000	   0.000	   0.000	   0.000
       8	 19:50:52	  10.000	  -3.000	  407.06	 1008.49	   21.56	  2370.3	   608.5	  1490.2	  1155.4	  1865.2	  -286.2	 474.869	   1.192	   953.8	    40.0	  432129	    0.00	    0.00	    0.00	    0.00	    0.00	   0.000	   0.000	   0.000	   0.000	   0.000	   0.000	   0.000	   0.000	   0.000	   0.000
       9	 19:52:54	  10.000	  -2.000	  406.95	 1008.48	   21.60	  2394.6	   378.9	  1416.4	  1208.4	  1879.2	  -195.1	 474.804	   1.192	   953.6	    40.0	  431995	    0.00	    0.00	    0.00	    0.00	    0.00	   0.000	   0.000	   0.000	   0.000	   0.000	   0.000	   0.000	   0.000	   0.000	   0.000
      10	 19:53:38	  10.000	  -1.000	  407.05	 1008.49	   21.60	  2406.8	   165.6	  1350.2	  1253.4	  1890.7	   -96.9	 474.883	   1.192	   953.8	    40.0	  432038	    0.00	    0.00	    0.00	    0.00	    0.00	   0.000	   0.000	   0.000	   0.000	   0.000	   0.000	   0.000	   0.000	   0.000	   0.000
      11	 19:54:16	  10.000	  -0.005	  407.01	 1008.47	   21.61	  2399.7	   -39.5	  1297.8	  1297.7	  1888.9	    15.2	 474.822	   1.192	   953.7	    40.0	  432001	    0.00	    0.00	    0.00	    0.00	    0.00	   0.000	   0.000	   0.000	   0.000	   0.000	   0.000	   0.000	   0.000	   0.000	   0.000
      12	 19:54:56	  10.000	   1.000	  406.93	 1008.50	   21.62	  2381.5	  -240.9	  1245.9	  1347.5	  1878.8	   114.0	 474.554	   1.192	   953.5	    40.0	  431946	    0.00	    0.00	    0.00	    0.00	    0.00	   0.000	   0.000	   0.000	   0.000	   0.000	   0.000	   0.000	   0.000	   0.000	   0.000
      13	 19:55:32	  10.000	   1.995	  406.90	 1008.45	   21.62	  2363.3	  -473.1	  1189.1	  1415.0	  1867.1	   215.5	 474.582	   1.192	   953.5	    40.0	  431927	    0.00	    0.00	    0.00	    0.00	    0.00	   0.000	   0.000	   0.000	   0.000	   0.000	   0.000	   0.000	   0.000	   0.000	   0.000
      14	 19:56:15	  10.000	   3.000	  406.82	 1008.47	   21.62	  2367.9	  -712.8	  1134.2	  1472.3	  1872.2	   342.8	 474.719	   1.192	   953.3	    40.0	  431879	    0.00	    0.00	    0.00	    0.00	    0.00	   0.000	   0.000	   0.000	   0.000	   0.000	   0.000	   0.000	   0.000	   0.000	   0.000
      15	 19:57:00	  10.000	   4.005	  406.91	 1008.49	   21.63	  2335.1	 -1023.5	  1070.8	  1561.3	  1850.8	   477.5	 475.790	   1.192	   953.5	    40.0	  431921	    0.00	    0.00	    0.00	    0.00	    0.00	   0.000	   0.000	   0.000	   0.000	   0.000	   0.000	   0.000	   0.000	   0.000	   0.000
      16	 19:57:38	  10.000	   5.005	  406.80	 1008.51	   21.62	  2282.5	 -1290.4	  1007.2	  1660.3	  1816.5	   571.3	 475.797	   1.192	   953.2	    40.0	  431876	    0.00	    0.00	    0.00	    0.00	    0.00	   0.000	   0.000	   0.000	   0.000	   0.000	   0.000	   0.000	   0.000	   0.000	   0.000
      17	 19:58:25	  10.000	   5.995	  406.87	 1008.52	   21.63	  2185.9	 -1509.0	  1015.4	  1791.2	  1737.2	   621.5	 476.150	   1.192	   953.4	    40.0	  431904	    0.00	    0.00	    0.00	    0.00	    0.00	   0.000	   0.000	   0.000	   0.000	   0.000	   0.000	   0.000	   0.000	   0.000	   0.000
      18	 19:59:15	  10.000	   7.000	  406.83	 1008.49	   21.64	  2094.6	 -1774.7	   992.6	  1921.7	  1669.1	   701.8	 476.250	   1.192	   953.3	    40.0	  431851	    0.00	    0.00	    0.00	    0.00	    0.00	   0.000	   0.000	   0.000	   0.000	   0.000	   0.000	   0.000	   0.000	   0.000	   0.000
      19	 19:59:56	  10.000	   8.000	  406.85	 1008.50	   21.66	  1965.9	 -1956.2	   995.8	  2053.8	  1572.1	   722.8	 476.508	   1.192	   953.3	    40.0	  431828	    0.00	    0.00	    0.00	    0.00	    0.00	   0.000	   0.000	   0.000	   0.000	   0.000	   0.000	   0.000	   0.000	   0.000	   0.000
      20	 20:00:39	  10.000	   9.000	  406.89	 1008.50	   21.68	  1866.0	 -2184.3	   935.1	  2159.3	  1516.5	   778.3	 476.755	   1.192	   953.4	    40.0	  431810	    0.00	    0.00	    0.00	    0.00	    0.00	   0.000	   0.000	   0.000	   0.000	   0.000	   0.000	   0.000	   0.000	   0.000	   0.000
      21	 20:01:21	  10.000	  10.005	  407.04	 1008.49	   21.69	  1876.7	 -2196.5	   903.9	  2211.4	  1504.9	   707.5	 477.101	   1.192	   953.8	    40.0	  431873	    0.00	    0.00	    0.00	    0.00	    0.00	   0.000	   0.000	   0.000	   0.000	   0.000	   0.000	   0.000	   0.000	   0.000	   0.000
