  Run_nr	    Time	   Alpha	    Beta	Delta_Pb	   P_bar	       T	      B1	      B2	      B3	      B4	      B5	      B6	     rpm	     Rho	       Q	       V	      Re	 nrotor1	 nrotor2	      I1	      I2	    dptq	  Extra1	  Extra2	  Extra3	  Extra4	  Extra5	  Extra6	  Extra7	  Extra8	  Extra9	 Extra10
       /	   H:M:S	 degrees	 degrees	      Pa	     hPa	 degr._C	   steps	   steps	   steps	   steps	   steps	   steps	   1/min	  kg/m^3	      Pa	     m/s	       /	     1/s	     1/s	       A	       A	      Pa	       /	       /	       /	       /	       /	       /	       /	       /	       /	       /
       1	 12:50:49	  -5.000	   0.000	  231.99	 1011.48	   19.47	   649.7	   -63.6	  -218.3	  -188.1	   198.5	    10.6	 356.483	   1.204	   542.0	    30.0	  329173	    0.00	    0.00	    0.00	    0.00	    0.00	   0.000	   0.000	   0.000	   0.000	   0.000	   0.000	   0.000	   0.000	   0.000	   0.000
       2	 12:52:19	  -4.002	   0.000	  231.82	 1011.51	   19.50	   629.5	   -59.4	  -131.3	  -103.5	   205.8	     9.0	 356.419	   1.204	   541.5	    30.0	  329015	    0.00	    0.00	    0.00	    0.00	    0.00	   0.000	   0.000	   0.000	   0.000	   0.000	   0.000	   0.000	   0.000	   0.000	   0.000
       3	 12:53:33	  -2.998	   0.000	  231.86	 1011.51	   19.53	   618.3	   -61.0	   -46.1	   -15.7	   221.7	     8.8	 356.449	   1.204	   541.6	    30.0	  329004	    0.00	    0.00	    0.00	    0.00	    0.00	   0.000	   0.000	   0.000	   0.000	   0.000	   0.000	   0.000	   0.000	   0.000	   0.000
       4	 12:54:17	  -2.000	   0.000	  232.01	 1011.52	   19.54	   617.0	   -62.0	    37.9	    70.4	   245.9	     6.5	 356.553	   1.204	   542.0	    30.0	  329100	    0.00	    0.00	    0.00	    0.00	    0.00	   0.000	   0.000	   0.000	   0.000	   0.000	   0.000	   0.000	   0.000	   0.000	   0.000
       5	 12:55:18	  -1.000	   0.000	  231.65	 1011.51	   19.54	   626.0	   -64.9	   119.8	   155.6	   279.2	     6.3	 356.499	   1.204	   541.1	    30.0	  328839	    0.00	    0.00	    0.00	    0.00	    0.00	   0.000	   0.000	   0.000	   0.000	   0.000	   0.000	   0.000	   0.000	   0.000	   0.000
       6	 12:56:15	   0.000	   0.000	  231.83	 1011.51	   19.54	   648.2	   -73.7	   198.6	   240.9	   321.8	     9.5	 356.690	   1.204	   541.6	    30.0	  328970	    0.00	    0.00	    0.00	    0.00	    0.00	   0.000	   0.000	   0.000	   0.000	   0.000	   0.000	   0.000	   0.000	   0.000	   0.000
       7	 12:57:07	   1.000	   0.000	  231.95	 1011.51	   19.54	   672.2	   -73.2	   280.4	   319.7	   368.8	    12.0	 356.796	   1.204	   541.8	    30.0	  329053	    0.00	    0.00	    0.00	    0.00	    0.00	   0.000	   0.000	   0.000	   0.000	   0.000	   0.000	   0.000	   0.000	   0.000	   0.000
       8	 12:57:50	   2.000	   0.000	  231.86	 1011.53	   19.54	   699.9	   -69.1	   359.7	   395.7	   419.9	    12.5	 356.815	   1.204	   541.6	    30.0	  328994	    0.00	    0.00	    0.00	    0.00	    0.00	   0.000	   0.000	   0.000	   0.000	   0.000	   0.000	   0.000	   0.000	   0.000	   0.000
       9	 12:59:52	   3.000	   0.000	  231.92	 1011.49	   19.54	   734.5	   -73.0	   432.7	   473.6	   478.0	    11.1	 357.082	   1.204	   541.8	    30.0	  329032	    0.00	    0.00	    0.00	    0.00	    0.00	   0.000	   0.000	   0.000	   0.000	   0.000	   0.000	   0.000	   0.000	   0.000	   0.000
      10	 13:00:38	   4.000	   0.000	  231.91	 1011.50	   19.54	   775.3	   -74.6	   502.9	   546.2	   541.7	    10.0	 357.287	   1.204	   541.8	    30.0	  329027	    0.00	    0.00	    0.00	    0.00	    0.00	   0.000	   0.000	   0.000	   0.000	   0.000	   0.000	   0.000	   0.000	   0.000	   0.000
      11	 13:01:29	   5.000	   0.000	  231.85	 1011.50	   19.54	   823.8	   -76.1	   568.7	   613.3	   612.9	    10.2	 357.598	   1.204	   541.6	    30.0	  328981	    0.00	    0.00	    0.00	    0.00	    0.00	   0.000	   0.000	   0.000	   0.000	   0.000	   0.000	   0.000	   0.000	   0.000	   0.000
      12	 13:02:24	   6.000	   0.000	  231.88	 1011.50	   19.54	   881.6	   -73.9	   631.2	   672.6	   690.5	    11.9	 358.077	   1.204	   541.7	    30.0	  329003	    0.00	    0.00	    0.00	    0.00	    0.00	   0.000	   0.000	   0.000	   0.000	   0.000	   0.000	   0.000	   0.000	   0.000	   0.000
      13	 13:03:18	   7.000	   0.000	  231.81	 1011.48	   19.54	   950.8	   -60.8	   690.4	   717.8	   779.3	    14.6	 358.877	   1.204	   541.5	    30.0	  328949	    0.00	    0.00	    0.00	    0.00	    0.00	   0.000	   0.000	   0.000	   0.000	   0.000	   0.000	   0.000	   0.000	   0.000	   0.000
      14	 13:04:24	   8.000	   0.000	  231.84	 1011.45	   19.54	  1038.4	   -54.4	   732.4	   751.8	   882.4	    18.7	 359.651	   1.204	   541.6	    30.0	  328966	    0.00	    0.00	    0.00	    0.00	    0.00	   0.000	   0.000	   0.000	   0.000	   0.000	   0.000	   0.000	   0.000	   0.000	   0.000
      15	 13:05:56	   9.000	   0.000	  231.94	 1011.47	   19.54	  1163.6	   -64.4	   737.7	   764.0	  1015.3	    27.3	 360.310	   1.204	   541.8	    30.0	  329041	    0.00	    0.00	    0.00	    0.00	    0.00	   0.000	   0.000	   0.000	   0.000	   0.000	   0.000	   0.000	   0.000	   0.000	   0.000
      16	 13:07:03	  10.000	   0.000	  231.86	 1011.46	   19.54	  1347.7	   -46.0	   718.2	   728.7	  1186.2	    15.2	 360.638	   1.204	   541.6	    30.0	  328979	    0.00	    0.00	    0.00	    0.00	    0.00	   0.000	   0.000	   0.000	   0.000	   0.000	   0.000	   0.000	   0.000	   0.000	   0.000
      17	 13:08:18	  11.000	   0.000	  231.98	 1011.43	   19.54	  1511.3	   -43.1	   724.8	   731.4	  1338.1	    16.5	 360.881	   1.204	   541.9	    30.0	  329061	    0.00	    0.00	    0.00	    0.00	    0.00	   0.000	   0.000	   0.000	   0.000	   0.000	   0.000	   0.000	   0.000	   0.000	   0.000
      18	 13:08:59	  12.000	   0.000	  231.92	 1011.46	   19.55	  1694.0	   -52.7	   734.2	   746.8	  1501.6	    26.8	 361.047	   1.204	   541.8	    30.0	  329013	    0.00	    0.00	    0.00	    0.00	    0.00	   0.000	   0.000	   0.000	   0.000	   0.000	   0.000	   0.000	   0.000	   0.000	   0.000
      19	 13:09:45	  13.000	   0.000	  231.95	 1011.44	   19.56	  1870.2	   -64.1	   741.6	   760.9	  1665.3	    38.2	 361.318	   1.204	   541.9	    30.0	  329014	    0.00	    0.00	    0.00	    0.00	    0.00	   0.000	   0.000	   0.000	   0.000	   0.000	   0.000	   0.000	   0.000	   0.000	   0.000
      20	 13:10:33	  14.000	   0.000	  231.74	 1011.47	   19.56	  2189.2	  -144.7	   674.7	   759.2	  1919.6	    89.0	 361.955	   1.204	   541.4	    30.0	  328864	    0.00	    0.00	    0.00	    0.00	    0.00	   0.000	   0.000	   0.000	   0.000	   0.000	   0.000	   0.000	   0.000	   0.000	   0.000
      21	 13:12:31	  -4.998	   0.000	  103.15	 1011.47	   19.48	   307.7	   -25.0	   -89.7	   -75.8	    94.6	     7.5	 243.181	   1.204	   240.6	    20.0	  219339	    0.00	    0.00	    0.00	    0.00	    0.00	   0.000	   0.000	   0.000	   0.000	   0.000	   0.000	   0.000	   0.000	   0.000	   0.000
      22	 13:13:15	  -4.000	   0.000	  103.31	 1011.44	   19.46	   296.2	   -25.6	   -51.1	   -41.1	    98.5	     6.3	 243.222	   1.204	   241.0	    20.0	  219519	    0.00	    0.00	    0.00	    0.00	    0.00	   0.000	   0.000	   0.000	   0.000	   0.000	   0.000	   0.000	   0.000	   0.000	   0.000
      23	 13:13:55	  -3.000	   0.000	  103.26	 1011.43	   19.44	   288.2	   -29.8	   -14.9	    -2.8	   107.0	     7.0	 243.210	   1.204	   240.9	    20.0	  219488	    0.00	    0.00	    0.00	    0.00	    0.00	   0.000	   0.000	   0.000	   0.000	   0.000	   0.000	   0.000	   0.000	   0.000	   0.000
      24	 13:14:33	  -2.000	   0.000	  103.23	 1011.43	   19.42	   287.0	   -37.4	    17.0	    36.7	   120.4	     7.5	 243.277	   1.204	   240.8	    20.0	  219473	    0.00	    0.00	    0.00	    0.00	    0.00	   0.000	   0.000	   0.000	   0.000	   0.000	   0.000	   0.000	   0.000	   0.000	   0.000
      25	 13:15:16	  -1.000	   0.000	  103.26	 1011.42	   19.40	   290.4	   -41.1	    51.0	    73.9	   137.0	     7.6	 243.222	   1.204	   240.9	    20.0	  219521	    0.00	    0.00	    0.00	    0.00	    0.00	   0.000	   0.000	   0.000	   0.000	   0.000	   0.000	   0.000	   0.000	   0.000	   0.000
      26	 13:16:05	  -0.000	   0.000	  103.27	 1011.40	   19.39	   297.3	   -42.6	    85.8	   109.3	   159.0	     7.6	 243.455	   1.204	   240.9	    20.0	  219546	    0.00	    0.00	    0.00	    0.00	    0.00	   0.000	   0.000	   0.000	   0.000	   0.000	   0.000	   0.000	   0.000	   0.000	   0.000
      27	 13:16:43	   1.000	   0.000	  103.22	 1011.44	   19.36	   306.5	   -42.0	   119.9	   141.9	   183.0	     8.0	 243.432	   1.205	   240.8	    20.0	  219520	    0.00	    0.00	    0.00	    0.00	    0.00	   0.000	   0.000	   0.000	   0.000	   0.000	   0.000	   0.000	   0.000	   0.000	   0.000
      28	 13:17:25	   2.000	   0.000	  103.27	 1011.41	   19.34	   320.3	   -39.8	   154.5	   173.7	   211.5	     8.0	 243.677	   1.205	   240.9	    20.0	  219597	    0.00	    0.00	    0.00	    0.00	    0.00	   0.000	   0.000	   0.000	   0.000	   0.000	   0.000	   0.000	   0.000	   0.000	   0.000
      29	 13:18:15	   3.000	   0.000	  103.32	 1011.42	   19.34	   337.2	   -41.0	   185.0	   206.5	   243.0	     7.5	 243.847	   1.205	   241.0	    20.0	  219649	    0.00	    0.00	    0.00	    0.00	    0.00	   0.000	   0.000	   0.000	   0.000	   0.000	   0.000	   0.000	   0.000	   0.000	   0.000
      30	 13:19:14	   4.000	   0.000	  103.29	 1011.36	   19.30	   357.5	   -39.2	   216.0	   237.6	   278.9	     7.5	 243.908	   1.205	   241.0	    20.0	  219648	    0.00	    0.00	    0.00	    0.00	    0.00	   0.000	   0.000	   0.000	   0.000	   0.000	   0.000	   0.000	   0.000	   0.000	   0.000
      31	 13:19:51	   5.000	   0.000	  103.25	 1011.33	   19.28	   380.5	   -35.4	   247.2	   265.2	   316.8	     7.3	 244.050	   1.205	   240.9	    20.0	  219625	    0.00	    0.00	    0.00	    0.00	    0.00	   0.000	   0.000	   0.000	   0.000	   0.000	   0.000	   0.000	   0.000	   0.000	   0.000
      32	 13:20:43	   6.000	   0.000	  103.22	 1011.31	   19.27	   405.8	   -33.3	   274.5	   290.1	   358.0	     7.4	 244.073	   1.205	   240.8	    20.0	  219586	    0.00	    0.00	    0.00	    0.00	    0.00	   0.000	   0.000	   0.000	   0.000	   0.000	   0.000	   0.000	   0.000	   0.000	   0.000
      33	 13:21:27	   7.000	   0.000	  103.38	 1011.29	   19.26	   435.6	   -28.6	   300.9	   312.2	   403.5	     8.0	 244.134	   1.205	   241.2	    20.0	  219775	    0.00	    0.00	    0.00	    0.00	    0.00	   0.000	   0.000	   0.000	   0.000	   0.000	   0.000	   0.000	   0.000	   0.000	   0.000
      34	 13:22:32	   8.000	   0.000	  103.38	 1011.25	   19.24	   473.4	   -26.1	   318.1	   326.2	   456.1	    11.9	 244.357	   1.205	   241.2	    20.0	  219797	    0.00	    0.00	    0.00	    0.00	    0.00	   0.000	   0.000	   0.000	   0.000	   0.000	   0.000	   0.000	   0.000	   0.000	   0.000
      35	 13:23:19	   9.000	   0.000	  103.23	 1011.23	   19.22	   519.8	   -38.3	   319.2	   335.3	   516.6	    21.6	 244.392	   1.205	   240.8	    20.0	  219643	    0.00	    0.00	    0.00	    0.00	    0.00	   0.000	   0.000	   0.000	   0.000	   0.000	   0.000	   0.000	   0.000	   0.000	   0.000
      36	 13:24:05	  10.000	   0.000	  103.31	 1011.21	   19.22	   578.0	   -49.4	   314.4	   338.1	   585.1	    27.7	 244.733	   1.205	   241.0	    20.0	  219723	    0.00	    0.00	    0.00	    0.00	    0.00	   0.000	   0.000	   0.000	   0.000	   0.000	   0.000	   0.000	   0.000	   0.000	   0.000
      37	 13:24:54	  11.000	   0.000	  103.31	 1011.21	   19.22	   660.3	   -17.0	   316.1	   314.6	   668.1	     9.1	 245.065	   1.205	   241.0	    20.0	  219725	    0.00	    0.00	    0.00	    0.00	    0.00	   0.000	   0.000	   0.000	   0.000	   0.000	   0.000	   0.000	   0.000	   0.000	   0.000
      38	 13:25:36	  12.000	   0.000	  103.21	 1011.22	   19.22	   752.9	    -8.9	   319.5	   309.6	   756.9	     6.0	 245.263	   1.205	   240.8	    20.0	  219621	    0.00	    0.00	    0.00	    0.00	    0.00	   0.000	   0.000	   0.000	   0.000	   0.000	   0.000	   0.000	   0.000	   0.000	   0.000
      39	 13:26:26	  13.000	   0.000	  103.10	 1011.22	   19.20	   901.3	   -64.4	   277.1	   312.0	   883.9	    38.0	 245.943	   1.205	   240.5	    20.0	  219522	    0.00	    0.00	    0.00	    0.00	    0.00	   0.000	   0.000	   0.000	   0.000	   0.000	   0.000	   0.000	   0.000	   0.000	   0.000
      40	 13:27:03	  14.000	   0.000	  103.20	 1011.18	   19.20	   982.6	   -56.2	   283.4	   312.7	   969.2	    31.3	 246.643	   1.205	   240.8	    20.0	  219625	    0.00	    0.00	    0.00	    0.00	    0.00	   0.000	   0.000	   0.000	   0.000	   0.000	   0.000	   0.000	   0.000	   0.000	   0.000
      41	 13:28:54	  -4.997	   0.000	  410.45	 1011.16	   19.79	  1125.6	  -221.2	  -443.3	  -298.2	   342.6	    33.7	 470.160	   1.202	   961.8	    40.0	  437852	    0.00	    0.00	    0.00	    0.00	    0.00	   0.000	   0.000	   0.000	   0.000	   0.000	   0.000	   0.000	   0.000	   0.000	   0.000
      42	 13:29:32	  -4.000	   0.000	  410.53	 1011.15	   19.89	  1093.9	  -248.7	  -300.9	  -129.1	   353.2	    30.8	 470.149	   1.202	   962.0	    40.0	  437710	    0.00	    0.00	    0.00	    0.00	    0.00	   0.000	   0.000	   0.000	   0.000	   0.000	   0.000	   0.000	   0.000	   0.000	   0.000
      43	 13:30:28	  -3.000	   0.000	  410.28	 1011.14	   19.98	  1072.1	  -232.9	  -135.5	    24.1	   375.8	    26.9	 469.873	   1.202	   961.4	    40.0	  437403	    0.00	    0.00	    0.00	    0.00	    0.00	   0.000	   0.000	   0.000	   0.000	   0.000	   0.000	   0.000	   0.000	   0.000	   0.000
      44	 13:31:06	  -2.000	   0.000	  410.35	 1011.16	   20.03	  1067.2	  -209.2	    30.3	   170.9	   411.9	    22.4	 469.787	   1.202	   961.6	    40.0	  437346	    0.00	    0.00	    0.00	    0.00	    0.00	   0.000	   0.000	   0.000	   0.000	   0.000	   0.000	   0.000	   0.000	   0.000	   0.000
      45	 13:31:51	  -1.000	   0.000	  410.11	 1011.18	   20.09	  1074.7	  -187.2	   192.3	   315.1	   459.5	    18.7	 469.791	   1.201	   961.0	    40.0	  437107	    0.00	    0.00	    0.00	    0.00	    0.00	   0.000	   0.000	   0.000	   0.000	   0.000	   0.000	   0.000	   0.000	   0.000	   0.000
      46	 13:32:31	  -0.000	   0.000	  409.85	 1011.18	   20.12	  1095.7	  -174.2	   347.5	   459.8	   518.7	    17.4	 469.971	   1.201	   960.4	    40.0	  436903	    0.00	    0.00	    0.00	    0.00	    0.00	   0.000	   0.000	   0.000	   0.000	   0.000	   0.000	   0.000	   0.000	   0.000	   0.000
      47	 13:33:07	   1.000	   0.000	  410.05	 1011.19	   20.15	  1134.9	  -173.2	   493.7	   601.9	   593.4	    20.7	 470.224	   1.201	   960.9	    40.0	  436964	    0.00	    0.00	    0.00	    0.00	    0.00	   0.000	   0.000	   0.000	   0.000	   0.000	   0.000	   0.000	   0.000	   0.000	   0.000
      48	 13:34:00	   2.000	   0.000	  410.12	 1011.16	   20.18	  1189.7	  -164.8	   636.2	   735.5	   682.6	    23.1	 470.624	   1.201	   961.1	    40.0	  436931	    0.00	    0.00	    0.00	    0.00	    0.00	   0.000	   0.000	   0.000	   0.000	   0.000	   0.000	   0.000	   0.000	   0.000	   0.000
      49	 13:34:45	   3.000	   0.000	  409.83	 1011.19	   20.22	  1253.5	  -156.4	   772.1	   861.7	   780.8	    26.8	 470.705	   1.201	   960.4	    40.0	  436716	    0.00	    0.00	    0.00	    0.00	    0.00	   0.000	   0.000	   0.000	   0.000	   0.000	   0.000	   0.000	   0.000	   0.000	   0.000
      50	 13:35:41	   4.000	   0.000	  409.84	 1011.20	   20.24	  1332.9	  -164.3	   895.5	   988.2	   892.8	    31.0	 471.241	   1.201	   960.4	    40.0	  436685	    0.00	    0.00	    0.00	    0.00	    0.00	   0.000	   0.000	   0.000	   0.000	   0.000	   0.000	   0.000	   0.000	   0.000	   0.000
      51	 13:36:25	   5.000	   0.000	  409.64	 1011.18	   20.25	  1419.4	  -153.0	  1018.5	  1098.6	  1011.5	    33.5	 471.614	   1.201	   959.9	    40.0	  436549	    0.00	    0.00	    0.00	    0.00	    0.00	   0.000	   0.000	   0.000	   0.000	   0.000	   0.000	   0.000	   0.000	   0.000	   0.000
      52	 13:37:24	   6.000	   0.000	  409.90	 1011.16	   20.26	  1520.0	  -133.5	  1136.9	  1195.3	  1141.2	    38.1	 472.148	   1.201	   960.5	    40.0	  436667	    0.00	    0.00	    0.00	    0.00	    0.00	   0.000	   0.000	   0.000	   0.000	   0.000	   0.000	   0.000	   0.000	   0.000	   0.000
      53	 13:38:14	   7.000	   0.000	  409.74	 1011.14	   20.26	  1640.1	  -128.7	  1233.0	  1286.4	  1285.9	    38.8	 472.692	   1.201	   960.2	    40.0	  436570	    0.00	    0.00	    0.00	    0.00	    0.00	   0.000	   0.000	   0.000	   0.000	   0.000	   0.000	   0.000	   0.000	   0.000	   0.000
      54	 13:38:58	   8.000	   0.000	  409.69	 1011.13	   20.29	  1794.3	  -130.4	  1301.9	  1355.3	  1456.5	    41.2	 473.057	   1.200	   960.0	    40.0	  436491	    0.00	    0.00	    0.00	    0.00	    0.00	   0.000	   0.000	   0.000	   0.000	   0.000	   0.000	   0.000	   0.000	   0.000	   0.000
      55	 13:39:52	   9.000	   0.000	  409.58	 1011.10	   20.31	  2085.3	   -79.0	  1307.3	  1320.6	  1722.6	    12.7	 473.660	   1.200	   959.8	    40.0	  436389	    0.00	    0.00	    0.00	    0.00	    0.00	   0.000	   0.000	   0.000	   0.000	   0.000	   0.000	   0.000	   0.000	   0.000	   0.000
      56	 13:40:50	  10.000	   0.000	  409.62	 1011.05	   20.33	  2419.0	   -80.1	  1276.6	  1285.8	  2014.9	    26.8	 474.341	   1.200	   959.9	    40.0	  436371	    0.00	    0.00	    0.00	    0.00	    0.00	   0.000	   0.000	   0.000	   0.000	   0.000	   0.000	   0.000	   0.000	   0.000	   0.000
      57	 13:41:35	  11.000	   0.000	  409.63	 1011.05	   20.34	  2681.4	  -106.3	  1285.4	  1310.9	  2258.8	    50.7	 474.934	   1.200	   959.9	    40.0	  436343	    0.00	    0.00	    0.00	    0.00	    0.00	   0.000	   0.000	   0.000	   0.000	   0.000	   0.000	   0.000	   0.000	   0.000	   0.000
      58	 13:42:22	  12.000	   0.000	  409.70	 1011.06	   20.38	  2968.5	  -120.8	  1306.7	  1341.9	  2515.3	    67.4	 475.572	   1.200	   960.1	    40.0	  436308	    0.00	    0.00	    0.00	    0.00	    0.00	   0.000	   0.000	   0.000	   0.000	   0.000	   0.000	   0.000	   0.000	   0.000	   0.000
      59	 13:43:11	  13.000	   0.000	  409.53	 1011.08	   20.38	  3301.8	  -146.8	  1319.9	  1373.7	  2803.7	    91.2	 476.341	   1.200	   959.7	    40.0	  436225	    0.00	    0.00	    0.00	    0.00	    0.00	   0.000	   0.000	   0.000	   0.000	   0.000	   0.000	   0.000	   0.000	   0.000	   0.000
      60	 13:44:18	  14.000	   0.000	  409.63	 1011.08	   20.40	  3628.3	  -162.1	  1323.2	  1387.4	  3094.0	   103.9	 477.149	   1.200	   959.9	    40.0	  436236	    0.00	    0.00	    0.00	    0.00	    0.00	   0.000	   0.000	   0.000	   0.000	   0.000	   0.000	   0.000	   0.000	   0.000	   0.000
