  Run_nr	    Time	   Alpha	    Beta	Delta_Pb	   P_bar	       T	      B1	      B2	      B3	      B4	      B5	      B6	     rpm	     Rho	       Q	       V	      Re	 nrotor1	 nrotor2	      I1	      I2	    dptq	  Extra1	  Extra2	  Extra3	  Extra4	  Extra5	  Extra6	  Extra7	  Extra8	  Extra9	 Extra10
       /	   H:M:S	 degrees	 degrees	      Pa	     hPa	 degr._C	   steps	   steps	   steps	   steps	   steps	   steps	   1/min	  kg/m^3	      Pa	     m/s	       /	     1/s	     1/s	       A	       A	      Pa	       /	       /	       /	       /	       /	       /	       /	       /	       /	       /
       1	 18:29:12	   0.000	 -10.000	  633.35	 1008.86	   21.63	  1407.5	  3554.4	  1732.8	  -237.6	   560.3	 -1360.4	 585.896	   1.192	  1490.4	    50.0	  540116	    0.00	    0.00	    0.00	    0.00	    0.00	   0.000	   0.000	   0.000	   0.000	   0.000	   0.000	   0.000	   0.000	   0.000	   0.000
       2	 18:29:31	   0.000	  -9.000	  633.83	 1008.90	   21.75	  1423.5	  3412.5	  1644.8	  -173.3	   584.1	 -1386.7	 585.486	   1.192	  1491.6	    50.0	  540044	    0.00	    0.00	    0.00	    0.00	    0.00	   0.000	   0.000	   0.000	   0.000	   0.000	   0.000	   0.000	   0.000	   0.000	   0.000
       3	 18:29:51	   0.000	  -8.000	  632.90	 1008.88	   21.84	  1463.7	  3134.6	  1526.5	   -89.0	   619.4	 -1335.1	 584.909	   1.191	  1489.4	    50.0	  539434	    0.00	    0.00	    0.00	    0.00	    0.00	   0.000	   0.000	   0.000	   0.000	   0.000	   0.000	   0.000	   0.000	   0.000	   0.000
       4	 18:30:16	   0.000	  -7.000	  633.33	 1008.88	   21.89	  1520.7	  2741.4	  1387.6	     6.7	   658.6	 -1210.7	 584.453	   1.191	  1490.4	    50.0	  539494	    0.00	    0.00	    0.00	    0.00	    0.00	   0.000	   0.000	   0.000	   0.000	   0.000	   0.000	   0.000	   0.000	   0.000	   0.000
       5	 18:30:43	   0.000	  -6.000	  633.19	 1008.89	   21.93	  1571.0	  2267.7	  1240.9	   111.5	   690.7	 -1027.9	 583.477	   1.191	  1490.0	    50.0	  539343	    0.00	    0.00	    0.00	    0.00	    0.00	   0.000	   0.000	   0.000	   0.000	   0.000	   0.000	   0.000	   0.000	   0.000	   0.000
       6	 18:31:06	   0.000	  -5.000	  632.77	 1008.84	   21.98	  1613.7	  1725.7	  1081.0	   231.6	   722.9	  -803.0	 582.529	   1.191	  1489.0	    50.0	  539040	    0.00	    0.00	    0.00	    0.00	    0.00	   0.000	   0.000	   0.000	   0.000	   0.000	   0.000	   0.000	   0.000	   0.000	   0.000
       7	 18:31:30	   0.000	  -4.000	  632.39	 1008.84	   22.01	  1634.8	  1241.0	   946.0	   359.8	   743.0	  -615.2	 581.322	   1.191	  1488.2	    50.0	  538801	    0.00	    0.00	    0.00	    0.00	    0.00	   0.000	   0.000	   0.000	   0.000	   0.000	   0.000	   0.000	   0.000	   0.000	   0.000
       8	 18:31:53	   0.000	  -3.000	  632.87	 1008.88	   22.03	  1653.5	   791.3	   813.5	   483.2	   752.9	  -445.8	 580.961	   1.191	  1489.3	    50.0	  538965	    0.00	    0.00	    0.00	    0.00	    0.00	   0.000	   0.000	   0.000	   0.000	   0.000	   0.000	   0.000	   0.000	   0.000	   0.000
       9	 18:32:12	   0.000	  -2.000	  632.48	 1008.89	   22.06	  1634.6	   454.5	   736.7	   563.0	   737.8	  -284.7	 580.557	   1.191	  1488.4	    50.0	  538730	    0.00	    0.00	    0.00	    0.00	    0.00	   0.000	   0.000	   0.000	   0.000	   0.000	   0.000	   0.000	   0.000	   0.000	   0.000
      10	 18:32:29	   0.000	  -0.995	  632.37	 1008.88	   22.10	  1634.4	    58.1	   633.3	   662.5	   739.7	  -115.2	 580.410	   1.190	  1488.1	    50.0	  538595	    0.00	    0.00	    0.00	    0.00	    0.00	   0.000	   0.000	   0.000	   0.000	   0.000	   0.000	   0.000	   0.000	   0.000	   0.000
      11	 18:32:45	   0.000	  -0.005	  632.55	 1008.88	   22.12	  1630.1	  -331.4	   527.8	   762.8	   739.5	    46.5	 580.288	   1.190	  1488.5	    50.0	  538618	    0.00	    0.00	    0.00	    0.00	    0.00	   0.000	   0.000	   0.000	   0.000	   0.000	   0.000	   0.000	   0.000	   0.000	   0.000
      12	 18:33:02	   0.000	   1.000	  632.19	 1008.83	   22.14	  1616.5	  -586.2	   485.8	   801.6	   733.4	   218.0	 580.144	   1.190	  1487.7	    50.0	  538409	    0.00	    0.00	    0.00	    0.00	    0.00	   0.000	   0.000	   0.000	   0.000	   0.000	   0.000	   0.000	   0.000	   0.000	   0.000
      13	 18:33:18	   0.000	   1.995	  632.02	 1008.85	   22.18	  1641.7	  -809.8	   473.5	   809.7	   752.0	   434.5	 579.998	   1.190	  1487.3	    50.0	  538253	    0.00	    0.00	    0.00	    0.00	    0.00	   0.000	   0.000	   0.000	   0.000	   0.000	   0.000	   0.000	   0.000	   0.000	   0.000
      14	 18:33:35	   0.000	   3.005	  631.79	 1008.86	   22.22	  1624.1	 -1239.5	   363.6	   928.5	   744.3	   618.1	 580.250	   1.190	  1486.7	    50.0	  538072	    0.00	    0.00	    0.00	    0.00	    0.00	   0.000	   0.000	   0.000	   0.000	   0.000	   0.000	   0.000	   0.000	   0.000	   0.000
      15	 18:34:03	   0.000	   4.000	  631.66	 1008.84	   22.23	  1594.2	 -1693.0	   258.6	  1035.0	   725.3	   830.0	 581.101	   1.190	  1486.4	    50.0	  537974	    0.00	    0.00	    0.00	    0.00	    0.00	   0.000	   0.000	   0.000	   0.000	   0.000	   0.000	   0.000	   0.000	   0.000	   0.000
      16	 18:34:38	   0.000	   5.005	  632.05	 1008.84	   22.28	  1544.2	 -2237.9	   125.5	  1169.7	   695.0	  1061.8	 582.236	   1.190	  1487.3	    50.0	  538026	    0.00	    0.00	    0.00	    0.00	    0.00	   0.000	   0.000	   0.000	   0.000	   0.000	   0.000	   0.000	   0.000	   0.000	   0.000
      17	 18:35:03	   0.000	   5.995	  632.02	 1008.90	   22.30	  1460.8	 -2691.6	    40.2	  1321.3	   653.5	  1241.5	 582.525	   1.190	  1487.3	    50.0	  537985	    0.00	    0.00	    0.00	    0.00	    0.00	   0.000	   0.000	   0.000	   0.000	   0.000	   0.000	   0.000	   0.000	   0.000	   0.000
      18	 18:35:25	   0.000	   7.000	  631.85	 1008.77	   22.33	  1394.8	 -3059.7	   -45.2	  1454.3	   614.7	  1357.2	 582.984	   1.189	  1486.9	    50.0	  537805	    0.00	    0.00	    0.00	    0.00	    0.00	   0.000	   0.000	   0.000	   0.000	   0.000	   0.000	   0.000	   0.000	   0.000	   0.000
      19	 18:35:47	   0.000	   8.000	  631.69	 1008.82	   22.36	  1376.0	 -3289.9	  -123.0	  1558.5	   595.5	  1386.2	 583.093	   1.189	  1486.5	    50.0	  537675	    0.00	    0.00	    0.00	    0.00	    0.00	   0.000	   0.000	   0.000	   0.000	   0.000	   0.000	   0.000	   0.000	   0.000	   0.000
      20	 18:36:05	   0.000	   8.995	  631.38	 1008.81	   22.39	  1400.1	 -3384.5	  -184.3	  1637.1	   594.2	  1332.8	 583.435	   1.189	  1485.7	    50.0	  537486	    0.00	    0.00	    0.00	    0.00	    0.00	   0.000	   0.000	   0.000	   0.000	   0.000	   0.000	   0.000	   0.000	   0.000	   0.000
      21	 18:36:23	   0.000	  10.000	  631.35	 1008.82	   22.41	  1407.8	 -3413.1	  -236.4	  1702.4	   587.5	  1237.9	 583.774	   1.189	  1485.7	    50.0	  537416	    0.00	    0.00	    0.00	    0.00	    0.00	   0.000	   0.000	   0.000	   0.000	   0.000	   0.000	   0.000	   0.000	   0.000	   0.000
      22	 18:39:01	   0.000	 -10.000	  229.65	 1008.84	   21.64	   835.5	   355.7	   393.1	    63.1	   381.8	    37.6	 359.961	   1.192	   536.5	    30.0	  324020	    0.00	    0.00	    0.00	    0.00	    0.00	   0.000	   0.000	   0.000	   0.000	   0.000	   0.000	   0.000	   0.000	   0.000	   0.000
      23	 18:39:21	   0.000	  -9.000	  229.93	 1008.85	   21.61	   825.5	   269.4	   355.7	    96.2	   384.0	    48.5	 359.861	   1.192	   537.1	    30.0	  324261	    0.00	    0.00	    0.00	    0.00	    0.00	   0.000	   0.000	   0.000	   0.000	   0.000	   0.000	   0.000	   0.000	   0.000	   0.000
      24	 18:39:39	   0.000	  -8.000	  229.53	 1008.83	   21.58	   814.4	   168.4	   316.4	   131.0	   384.1	    68.1	 359.512	   1.192	   536.2	    30.0	  324012	    0.00	    0.00	    0.00	    0.00	    0.00	   0.000	   0.000	   0.000	   0.000	   0.000	   0.000	   0.000	   0.000	   0.000	   0.000
      25	 18:39:58	   0.000	  -7.000	  229.75	 1008.78	   21.55	   773.5	   207.2	   313.0	   137.4	   364.9	    10.4	 359.360	   1.192	   536.7	    30.0	  324204	    0.00	    0.00	    0.00	    0.00	    0.00	   0.000	   0.000	   0.000	   0.000	   0.000	   0.000	   0.000	   0.000	   0.000	   0.000
      26	 18:40:19	   0.000	  -6.000	  229.94	 1008.77	   21.52	   709.4	   360.4	   338.0	   113.0	   331.7	  -109.2	 358.951	   1.193	   537.1	    30.0	  324379	    0.00	    0.00	    0.00	    0.00	    0.00	   0.000	   0.000	   0.000	   0.000	   0.000	   0.000	   0.000	   0.000	   0.000	   0.000
      27	 18:40:45	   0.000	  -5.000	  229.88	 1008.81	   21.49	   598.0	   706.9	   387.7	    62.0	   285.3	  -339.7	 358.290	   1.193	   537.0	    30.0	  324382	    0.00	    0.00	    0.00	    0.00	    0.00	   0.000	   0.000	   0.000	   0.000	   0.000	   0.000	   0.000	   0.000	   0.000	   0.000
      28	 18:41:07	   0.000	  -4.000	  230.19	 1008.80	   21.45	   605.9	   513.9	   339.6	   111.5	   294.5	  -257.1	 357.678	   1.193	   537.7	    30.0	  324657	    0.00	    0.00	    0.00	    0.00	    0.00	   0.000	   0.000	   0.000	   0.000	   0.000	   0.000	   0.000	   0.000	   0.000	   0.000
      29	 18:41:30	   0.000	  -3.000	  229.75	 1008.81	   21.44	   615.2	   345.0	   294.6	   155.1	   296.8	  -188.3	 357.201	   1.193	   536.7	    30.0	  324368	    0.00	    0.00	    0.00	    0.00	    0.00	   0.000	   0.000	   0.000	   0.000	   0.000	   0.000	   0.000	   0.000	   0.000	   0.000
      30	 18:41:49	   0.000	  -2.000	  229.96	 1008.80	   21.41	   625.5	   206.4	   258.3	   187.8	   299.2	  -126.7	 357.144	   1.193	   537.2	    30.0	  324553	    0.00	    0.00	    0.00	    0.00	    0.00	   0.000	   0.000	   0.000	   0.000	   0.000	   0.000	   0.000	   0.000	   0.000	   0.000
      31	 18:42:08	   0.000	  -1.000	  229.90	 1008.79	   21.39	   629.7	    72.1	   224.3	   218.8	   303.4	   -65.0	 357.045	   1.193	   537.1	    30.0	  324540	    0.00	    0.00	    0.00	    0.00	    0.00	   0.000	   0.000	   0.000	   0.000	   0.000	   0.000	   0.000	   0.000	   0.000	   0.000
      32	 18:42:26	   0.000	   0.000	  229.98	 1008.79	   21.38	   633.1	   -61.8	   192.8	   249.8	   306.8	     2.9	 357.130	   1.193	   537.2	    30.0	  324609	    0.00	    0.00	    0.00	    0.00	    0.00	   0.000	   0.000	   0.000	   0.000	   0.000	   0.000	   0.000	   0.000	   0.000	   0.000
      33	 18:42:45	   0.000	   1.000	  229.73	 1008.81	   21.38	   615.6	  -150.8	   181.7	   263.7	   296.8	    69.1	 356.979	   1.193	   536.7	    30.0	  324442	    0.00	    0.00	    0.00	    0.00	    0.00	   0.000	   0.000	   0.000	   0.000	   0.000	   0.000	   0.000	   0.000	   0.000	   0.000
      34	 18:43:04	   0.000	   1.995	  229.73	 1008.79	   21.34	   618.7	  -275.8	   160.5	   286.0	   299.9	   152.9	 357.142	   1.193	   536.7	    30.0	  324492	    0.00	    0.00	    0.00	    0.00	    0.00	   0.000	   0.000	   0.000	   0.000	   0.000	   0.000	   0.000	   0.000	   0.000	   0.000
      35	 18:43:23	   0.000	   3.005	  229.61	 1008.77	   21.33	   607.0	  -440.1	   120.3	   328.8	   294.3	   228.9	 357.173	   1.193	   536.4	    30.0	  324419	    0.00	    0.00	    0.00	    0.00	    0.00	   0.000	   0.000	   0.000	   0.000	   0.000	   0.000	   0.000	   0.000	   0.000	   0.000
      36	 18:43:41	   0.000	   4.000	  229.48	 1008.78	   21.32	   594.5	  -640.1	    72.7	   372.8	   286.8	   323.3	 357.682	   1.193	   536.1	    30.0	  324332	    0.00	    0.00	    0.00	    0.00	    0.00	   0.000	   0.000	   0.000	   0.000	   0.000	   0.000	   0.000	   0.000	   0.000	   0.000
      37	 18:44:05	   0.000	   5.005	  229.91	 1008.77	   21.32	   577.7	  -823.0	    25.8	   427.0	   276.0	   396.1	 358.355	   1.193	   537.1	    30.0	  324648	    0.00	    0.00	    0.00	    0.00	    0.00	   0.000	   0.000	   0.000	   0.000	   0.000	   0.000	   0.000	   0.000	   0.000	   0.000
      38	 18:44:37	   0.000	   5.995	  229.91	 1008.73	   21.28	   540.8	 -1024.6	    -9.5	   487.9	   260.0	   484.8	 358.967	   1.194	   537.1	    30.0	  324691	    0.00	    0.00	    0.00	    0.00	    0.00	   0.000	   0.000	   0.000	   0.000	   0.000	   0.000	   0.000	   0.000	   0.000	   0.000
      39	 18:44:58	   0.000	   7.000	  229.91	 1008.74	   21.26	   512.2	 -1195.2	   -52.0	   543.2	   244.2	   547.9	 359.200	   1.194	   537.1	    30.0	  324716	    0.00	    0.00	    0.00	    0.00	    0.00	   0.000	   0.000	   0.000	   0.000	   0.000	   0.000	   0.000	   0.000	   0.000	   0.000
      40	 18:45:18	   0.000	   8.000	  229.81	 1008.75	   21.26	   480.0	 -1363.6	   -95.5	   597.0	   225.5	   607.7	 359.408	   1.194	   536.8	    30.0	  324650	    0.00	    0.00	    0.00	    0.00	    0.00	   0.000	   0.000	   0.000	   0.000	   0.000	   0.000	   0.000	   0.000	   0.000	   0.000
      41	 18:45:38	   0.000	   8.995	  229.74	 1008.77	   21.24	   452.1	 -1508.5	  -137.0	   649.2	   210.1	   651.8	 359.608	   1.194	   536.7	    30.0	  324633	    0.00	    0.00	    0.00	    0.00	    0.00	   0.000	   0.000	   0.000	   0.000	   0.000	   0.000	   0.000	   0.000	   0.000	   0.000
      42	 18:45:58	   0.000	  10.000	  229.94	 1008.75	   21.24	   426.7	 -1630.1	  -175.5	   698.1	   193.0	   680.8	 360.001	   1.194	   537.1	    30.0	  324766	    0.00	    0.00	    0.00	    0.00	    0.00	   0.000	   0.000	   0.000	   0.000	   0.000	   0.000	   0.000	   0.000	   0.000	   0.000
