  Run_nr	    Time	   Alpha	    Beta	Delta_Pb	   P_bar	       T	      B1	      B2	      B3	      B4	      B5	      B6	     rpm	     Rho	       Q	       V	      Re	 nrotor1	 nrotor2	      I1	      I2	    dptq	  Extra1	  Extra2	  Extra3	  Extra4	  Extra5	  Extra6	  Extra7	  Extra8	  Extra9	 Extra10
       /	   H:M:S	 degrees	 degrees	      Pa	     hPa	 degr._C	   steps	   steps	   steps	   steps	   steps	   steps	   1/min	  kg/m^3	      Pa	     m/s	       /	     1/s	     1/s	       A	       A	      Pa	       /	       /	       /	       /	       /	       /	       /	       /	       /	       /
       1	 14:34:24	  -0.000	 -10.000	  409.54	 1010.64	   20.40	  1234.6	  1415.3	   891.0	   -11.2	   543.3	  -374.2	 473.888	   1.199	   959.7	    40.0	  436103	    0.00	    0.00	    0.00	    0.00	    0.00	   0.000	   0.000	   0.000	   0.000	   0.000	   0.000	   0.000	   0.000	   0.000	   0.000
       2	 14:35:13	  -0.000	  -9.000	  409.53	 1010.62	   20.45	   873.5	  2482.2	  1110.9	  -172.0	   361.8	 -1055.2	 473.326	   1.199	   959.7	    40.0	  435989	    0.00	    0.00	    0.00	    0.00	    0.00	   0.000	   0.000	   0.000	   0.000	   0.000	   0.000	   0.000	   0.000	   0.000	   0.000
       3	 14:35:50	  -0.000	  -8.000	  409.45	 1010.65	   20.50	   917.7	  2236.0	  1020.4	  -102.8	   392.6	  -984.7	 473.070	   1.199	   959.5	    40.0	  435863	    0.00	    0.00	    0.00	    0.00	    0.00	   0.000	   0.000	   0.000	   0.000	   0.000	   0.000	   0.000	   0.000	   0.000	   0.000
       4	 14:36:31	  -0.000	  -7.000	  409.43	 1010.60	   20.54	   966.6	  1939.5	   922.6	   -30.2	   424.4	  -880.6	 472.717	   1.199	   959.4	    40.0	  435772	    0.00	    0.00	    0.00	    0.00	    0.00	   0.000	   0.000	   0.000	   0.000	   0.000	   0.000	   0.000	   0.000	   0.000	   0.000
       5	 14:37:13	  -0.000	  -6.000	  409.19	 1010.63	   20.57	  1012.5	  1604.3	   817.6	    38.3	   452.0	  -745.2	 472.179	   1.199	   958.9	    40.0	  435587	    0.00	    0.00	    0.00	    0.00	    0.00	   0.000	   0.000	   0.000	   0.000	   0.000	   0.000	   0.000	   0.000	   0.000	   0.000
       6	 14:38:21	  -0.000	  -5.000	  409.32	 1010.58	   20.61	  1046.4	  1204.4	   705.9	   122.5	   479.0	  -568.4	 471.531	   1.198	   959.2	    40.0	  435575	    0.00	    0.00	    0.00	    0.00	    0.00	   0.000	   0.000	   0.000	   0.000	   0.000	   0.000	   0.000	   0.000	   0.000	   0.000
       7	 14:39:19	  -0.000	  -4.000	  409.03	 1010.55	   20.63	  1061.8	   871.9	   614.9	   209.6	   493.0	  -435.1	 470.757	   1.198	   958.5	    40.0	  435363	    0.00	    0.00	    0.00	    0.00	    0.00	   0.000	   0.000	   0.000	   0.000	   0.000	   0.000	   0.000	   0.000	   0.000	   0.000
       8	 14:40:03	  -0.000	  -3.000	  409.07	 1010.56	   20.67	  1078.6	   576.6	   533.6	   284.8	   501.0	  -313.8	 470.380	   1.198	   958.6	    40.0	  435310	    0.00	    0.00	    0.00	    0.00	    0.00	   0.000	   0.000	   0.000	   0.000	   0.000	   0.000	   0.000	   0.000	   0.000	   0.000
       9	 14:40:44	  -0.000	  -2.000	  409.07	 1010.57	   20.70	  1088.9	   304.6	   458.1	   353.6	   504.0	  -203.1	 470.128	   1.198	   958.6	    40.0	  435262	    0.00	    0.00	    0.00	    0.00	    0.00	   0.000	   0.000	   0.000	   0.000	   0.000	   0.000	   0.000	   0.000	   0.000	   0.000
      10	 14:41:25	  -0.000	  -1.000	  409.06	 1010.55	   20.72	  1082.5	    33.3	   381.2	   429.0	   501.6	   -99.8	 470.091	   1.198	   958.5	    40.0	  435209	    0.00	    0.00	    0.00	    0.00	    0.00	   0.000	   0.000	   0.000	   0.000	   0.000	   0.000	   0.000	   0.000	   0.000	   0.000
      11	 14:42:09	  -0.000	   0.000	  408.97	 1010.53	   20.75	  1075.2	  -149.8	   345.1	   465.2	   499.2	     4.2	 469.827	   1.198	   958.3	    40.0	  435098	    0.00	    0.00	    0.00	    0.00	    0.00	   0.000	   0.000	   0.000	   0.000	   0.000	   0.000	   0.000	   0.000	   0.000	   0.000
      12	 14:42:51	  -0.000	   1.000	  408.90	 1010.49	   20.76	  1080.1	  -237.4	   361.0	   447.7	   503.7	   141.0	 469.772	   1.198	   958.2	    40.0	  435033	    0.00	    0.00	    0.00	    0.00	    0.00	   0.000	   0.000	   0.000	   0.000	   0.000	   0.000	   0.000	   0.000	   0.000	   0.000
      13	 14:43:29	  -0.000	   2.000	  408.92	 1010.53	   20.79	  1073.4	  -473.6	   311.9	   499.4	   501.3	   271.1	 469.737	   1.198	   958.2	    40.0	  435006	    0.00	    0.00	    0.00	    0.00	    0.00	   0.000	   0.000	   0.000	   0.000	   0.000	   0.000	   0.000	   0.000	   0.000	   0.000
      14	 14:44:05	  -0.000	   2.995	  408.90	 1010.53	   20.82	  1059.2	  -780.5	   229.5	   587.0	   495.0	   394.9	 469.795	   1.198	   958.2	    40.0	  434939	    0.00	    0.00	    0.00	    0.00	    0.00	   0.000	   0.000	   0.000	   0.000	   0.000	   0.000	   0.000	   0.000	   0.000	   0.000
      15	 14:44:56	  -0.000	   4.005	  408.86	 1010.51	   20.82	  1039.9	 -1110.4	   150.3	   663.7	   482.5	   547.4	 470.410	   1.197	   958.1	    40.0	  434910	    0.00	    0.00	    0.00	    0.00	    0.00	   0.000	   0.000	   0.000	   0.000	   0.000	   0.000	   0.000	   0.000	   0.000	   0.000
      16	 14:45:44	  -0.000	   5.005	  408.89	 1010.52	   20.83	  1004.1	 -1452.3	    67.7	   750.1	   461.4	   694.6	 470.906	   1.197	   958.2	    40.0	  434912	    0.00	    0.00	    0.00	    0.00	    0.00	   0.000	   0.000	   0.000	   0.000	   0.000	   0.000	   0.000	   0.000	   0.000	   0.000
      17	 14:46:25	  -0.000	   5.995	  408.57	 1010.49	   20.85	   944.6	 -1790.8	     5.2	   859.3	   433.6	   836.9	 471.248	   1.197	   957.4	    40.0	  434699	    0.00	    0.00	    0.00	    0.00	    0.00	   0.000	   0.000	   0.000	   0.000	   0.000	   0.000	   0.000	   0.000	   0.000	   0.000
      18	 14:47:02	  -0.000	   7.000	  408.71	 1010.49	   20.87	   892.2	 -2090.9	   -64.3	   955.8	   403.8	   945.8	 471.664	   1.197	   957.7	    40.0	  434723	    0.00	    0.00	    0.00	    0.00	    0.00	   0.000	   0.000	   0.000	   0.000	   0.000	   0.000	   0.000	   0.000	   0.000	   0.000
      19	 14:47:45	  -0.000	   8.000	  408.69	 1010.47	   20.88	   856.4	 -2322.0	  -130.1	  1041.6	   381.0	  1010.4	 472.001	   1.197	   957.7	    40.0	  434700	    0.00	    0.00	    0.00	    0.00	    0.00	   0.000	   0.000	   0.000	   0.000	   0.000	   0.000	   0.000	   0.000	   0.000	   0.000
      20	 14:48:22	  -0.000	   8.995	  408.71	 1010.45	   20.90	   826.9	 -2504.8	  -191.2	  1118.8	   359.9	  1043.9	 472.327	   1.197	   957.7	    40.0	  434664	    0.00	    0.00	    0.00	    0.00	    0.00	   0.000	   0.000	   0.000	   0.000	   0.000	   0.000	   0.000	   0.000	   0.000	   0.000
      21	 14:49:04	  -0.000	  10.000	  408.54	 1010.47	   20.93	   851.1	 -2512.6	  -226.9	  1159.8	   363.6	   975.9	 472.712	   1.197	   957.3	    40.0	  434530	    0.00	    0.00	    0.00	    0.00	    0.00	   0.000	   0.000	   0.000	   0.000	   0.000	   0.000	   0.000	   0.000	   0.000	   0.000
      22	 14:51:33	  -0.000	  -9.995	  102.77	 1010.40	   20.44	   391.5	    53.3	   153.9	    49.4	   176.9	    74.9	 244.422	   1.199	   239.8	    20.0	  217908	    0.00	    0.00	    0.00	    0.00	    0.00	   0.000	   0.000	   0.000	   0.000	   0.000	   0.000	   0.000	   0.000	   0.000	   0.000
      23	 14:52:28	  -0.000	  -9.000	  102.82	 1010.43	   20.38	   386.3	     5.8	   135.1	    65.5	   178.5	    84.3	 244.350	   1.199	   239.9	    20.0	  218018	    0.00	    0.00	    0.00	    0.00	    0.00	   0.000	   0.000	   0.000	   0.000	   0.000	   0.000	   0.000	   0.000	   0.000	   0.000
      24	 14:53:07	  -0.000	  -8.000	  102.86	 1010.42	   20.36	   380.6	   -33.7	   118.3	    80.8	   180.0	    91.0	 244.303	   1.199	   240.0	    20.0	  218087	    0.00	    0.00	    0.00	    0.00	    0.00	   0.000	   0.000	   0.000	   0.000	   0.000	   0.000	   0.000	   0.000	   0.000	   0.000
      25	 14:53:47	  -0.000	  -7.000	  102.97	 1010.43	   20.32	   371.9	   -56.9	   105.6	    93.5	   178.7	    88.7	 244.228	   1.199	   240.2	    20.0	  218238	    0.00	    0.00	    0.00	    0.00	    0.00	   0.000	   0.000	   0.000	   0.000	   0.000	   0.000	   0.000	   0.000	   0.000	   0.000
      26	 14:54:24	  -0.000	  -6.000	  102.78	 1010.40	   20.27	   356.3	   -68.3	    94.7	   102.3	   174.9	    80.0	 244.136	   1.200	   239.8	    20.0	  218072	    0.00	    0.00	    0.00	    0.00	    0.00	   0.000	   0.000	   0.000	   0.000	   0.000	   0.000	   0.000	   0.000	   0.000	   0.000
      27	 14:55:02	  -0.000	  -4.995	  102.83	 1010.37	   20.25	   312.2	    40.3	   105.4	    88.4	   160.8	     6.0	 244.054	   1.200	   239.9	    20.0	  218147	    0.00	    0.00	    0.00	    0.00	    0.00	   0.000	   0.000	   0.000	   0.000	   0.000	   0.000	   0.000	   0.000	   0.000	   0.000
      28	 14:55:43	  -0.000	  -4.005	  102.81	 1010.33	   20.21	   283.5	   114.0	   117.5	    80.8	   149.4	   -49.4	 243.913	   1.200	   239.8	    20.0	  218161	    0.00	    0.00	    0.00	    0.00	    0.00	   0.000	   0.000	   0.000	   0.000	   0.000	   0.000	   0.000	   0.000	   0.000	   0.000
      29	 14:56:32	  -0.000	  -3.000	  102.68	 1010.33	   20.18	   267.8	   172.5	   133.5	    70.5	   136.5	   -93.2	 243.679	   1.200	   239.5	    20.0	  218047	    0.00	    0.00	    0.00	    0.00	    0.00	   0.000	   0.000	   0.000	   0.000	   0.000	   0.000	   0.000	   0.000	   0.000	   0.000
      30	 14:57:10	  -0.000	  -2.000	  103.05	 1010.31	   20.15	   276.6	   105.1	   116.0	    87.2	   136.6	   -64.5	 243.861	   1.200	   240.4	    20.0	  218459	    0.00	    0.00	    0.00	    0.00	    0.00	   0.000	   0.000	   0.000	   0.000	   0.000	   0.000	   0.000	   0.000	   0.000	   0.000
      31	 14:57:57	  -0.000	  -1.000	  102.88	 1010.32	   20.12	   275.4	    39.4	    98.4	   103.5	   137.6	   -37.0	 243.690	   1.200	   240.0	    20.0	  218317	    0.00	    0.00	    0.00	    0.00	    0.00	   0.000	   0.000	   0.000	   0.000	   0.000	   0.000	   0.000	   0.000	   0.000	   0.000
      32	 14:58:39	  -0.000	   0.000	  102.90	 1010.35	   20.10	   278.0	   -18.7	    85.0	   116.5	   140.1	    -5.1	 243.665	   1.200	   240.0	    20.0	  218357	    0.00	    0.00	    0.00	    0.00	    0.00	   0.000	   0.000	   0.000	   0.000	   0.000	   0.000	   0.000	   0.000	   0.000	   0.000
      33	 14:59:23	  -0.000	   1.000	  102.92	 1010.34	   20.07	   274.4	   -57.8	    80.9	   122.0	   137.8	    28.2	 243.676	   1.200	   240.1	    20.0	  218406	    0.00	    0.00	    0.00	    0.00	    0.00	   0.000	   0.000	   0.000	   0.000	   0.000	   0.000	   0.000	   0.000	   0.000	   0.000
      34	 15:00:07	  -0.000	   2.000	  102.91	 1010.32	   20.05	   274.9	  -120.6	    65.7	   137.0	   138.8	    60.5	 243.649	   1.200	   240.1	    20.0	  218413	    0.00	    0.00	    0.00	    0.00	    0.00	   0.000	   0.000	   0.000	   0.000	   0.000	   0.000	   0.000	   0.000	   0.000	   0.000
      35	 15:00:53	  -0.000	   3.000	  102.95	 1010.32	   20.02	   267.8	  -180.9	    52.8	   151.5	   136.2	    93.2	 243.803	   1.201	   240.2	    20.0	  218484	    0.00	    0.00	    0.00	    0.00	    0.00	   0.000	   0.000	   0.000	   0.000	   0.000	   0.000	   0.000	   0.000	   0.000	   0.000
      36	 15:01:37	  -0.000	   4.000	  102.85	 1010.35	   20.00	   265.5	  -256.2	    34.7	   167.2	   134.5	   129.1	 243.967	   1.201	   239.9	    20.0	  218398	    0.00	    0.00	    0.00	    0.00	    0.00	   0.000	   0.000	   0.000	   0.000	   0.000	   0.000	   0.000	   0.000	   0.000	   0.000
      37	 15:02:19	  -0.000	   5.005	  103.06	 1010.33	   19.98	   325.8	     2.9	    76.2	   117.9	   162.5	   -31.4	 244.131	   1.201	   240.4	    20.0	  218642	    0.00	    0.00	    0.00	    0.00	    0.00	   0.000	   0.000	   0.000	   0.000	   0.000	   0.000	   0.000	   0.000	   0.000	   0.000
      38	 15:03:03	  -0.000	   5.995	  103.04	 1010.31	   19.98	   346.4	    52.3	    83.6	   114.1	   175.4	   -71.0	 244.214	   1.201	   240.4	    20.0	  218625	    0.00	    0.00	    0.00	    0.00	    0.00	   0.000	   0.000	   0.000	   0.000	   0.000	   0.000	   0.000	   0.000	   0.000	   0.000
      39	 15:03:44	  -0.000	   7.000	  102.89	 1010.32	   19.95	   357.0	    36.3	    74.1	   123.9	   179.8	   -76.4	 244.146	   1.201	   240.0	    20.0	  218492	    0.00	    0.00	    0.00	    0.00	    0.00	   0.000	   0.000	   0.000	   0.000	   0.000	   0.000	   0.000	   0.000	   0.000	   0.000
      40	 15:04:22	  -0.000	   8.005	  103.05	 1010.29	   19.94	   362.8	    -6.8	    58.5	   140.5	   181.8	   -68.3	 244.369	   1.201	   240.4	    20.0	  218660	    0.00	    0.00	    0.00	    0.00	    0.00	   0.000	   0.000	   0.000	   0.000	   0.000	   0.000	   0.000	   0.000	   0.000	   0.000
      41	 15:05:03	  -0.000	   9.000	  102.93	 1010.34	   19.94	   365.2	   -49.6	    43.3	   157.1	   181.2	   -59.9	 244.280	   1.201	   240.1	    20.0	  218538	    0.00	    0.00	    0.00	    0.00	    0.00	   0.000	   0.000	   0.000	   0.000	   0.000	   0.000	   0.000	   0.000	   0.000	   0.000
      42	 15:05:41	  -0.000	  10.005	  103.05	 1010.31	   19.92	   368.0	   -97.3	    26.7	   176.5	   181.4	   -49.6	 244.502	   1.201	   240.4	    20.0	  218687	    0.00	    0.00	    0.00	    0.00	    0.00	   0.000	   0.000	   0.000	   0.000	   0.000	   0.000	   0.000	   0.000	   0.000	   0.000
      43	 15:09:52	  -0.000	  -9.995	  231.21	 1010.30	   20.01	   840.4	   336.6	   394.5	    66.8	   381.8	    49.6	 360.482	   1.201	   540.1	    30.0	  327658	    0.00	    0.00	    0.00	    0.00	    0.00	   0.000	   0.000	   0.000	   0.000	   0.000	   0.000	   0.000	   0.000	   0.000	   0.000
      44	 15:10:48	  -0.000	  -9.000	  231.24	 1010.33	   20.06	   826.7	   255.6	   356.7	    99.7	   382.9	    56.2	 360.388	   1.200	   540.2	    30.0	  327613	    0.00	    0.00	    0.00	    0.00	    0.00	   0.000	   0.000	   0.000	   0.000	   0.000	   0.000	   0.000	   0.000	   0.000	   0.000
      45	 15:11:50	  -0.000	  -8.000	  231.22	 1010.30	   20.08	   812.3	   171.1	   320.5	   132.7	   381.2	    65.7	 360.162	   1.200	   540.2	    30.0	  327569	    0.00	    0.00	    0.00	    0.00	    0.00	   0.000	   0.000	   0.000	   0.000	   0.000	   0.000	   0.000	   0.000	   0.000	   0.000
      46	 15:12:32	  -0.000	  -7.000	  231.35	 1010.31	   20.10	   768.7	   221.2	   321.2	   134.6	   360.2	     3.3	 359.887	   1.200	   540.4	    30.0	  327624	    0.00	    0.00	    0.00	    0.00	    0.00	   0.000	   0.000	   0.000	   0.000	   0.000	   0.000	   0.000	   0.000	   0.000	   0.000
      47	 15:13:17	  -0.000	  -6.000	  231.37	 1010.28	   20.12	   701.3	   384.8	   346.1	   110.2	   326.9	  -124.1	 359.559	   1.200	   540.5	    30.0	  327616	    0.00	    0.00	    0.00	    0.00	    0.00	   0.000	   0.000	   0.000	   0.000	   0.000	   0.000	   0.000	   0.000	   0.000	   0.000
      48	 15:14:21	  -0.000	  -4.995	  231.28	 1010.28	   20.13	   589.1	   735.5	   397.2	    58.5	   279.5	  -357.0	 358.858	   1.200	   540.3	    30.0	  327540	    0.00	    0.00	    0.00	    0.00	    0.00	   0.000	   0.000	   0.000	   0.000	   0.000	   0.000	   0.000	   0.000	   0.000	   0.000
      49	 15:15:18	  -0.000	  -4.005	  231.45	 1010.26	   20.14	   598.8	   537.3	   347.5	   108.8	   290.1	  -271.3	 357.982	   1.200	   540.7	    30.0	  327638	    0.00	    0.00	    0.00	    0.00	    0.00	   0.000	   0.000	   0.000	   0.000	   0.000	   0.000	   0.000	   0.000	   0.000	   0.000
      50	 15:16:03	  -0.000	  -3.000	  231.29	 1010.29	   20.14	   610.6	   363.8	   301.2	   152.9	   293.2	  -199.4	 357.259	   1.200	   540.3	    30.0	  327528	    0.00	    0.00	    0.00	    0.00	    0.00	   0.000	   0.000	   0.000	   0.000	   0.000	   0.000	   0.000	   0.000	   0.000	   0.000
      51	 15:16:42	  -0.000	  -2.000	  231.05	 1010.28	   20.16	   622.9	   221.2	   264.3	   185.2	   296.1	  -134.6	 357.158	   1.200	   539.7	    30.0	  327327	    0.00	    0.00	    0.00	    0.00	    0.00	   0.000	   0.000	   0.000	   0.000	   0.000	   0.000	   0.000	   0.000	   0.000	   0.000
      52	 15:17:25	  -0.000	  -1.000	  231.07	 1010.27	   20.16	   625.0	    79.1	   227.0	   219.8	   300.2	   -70.9	 357.094	   1.200	   539.8	    30.0	  327336	    0.00	    0.00	    0.00	    0.00	    0.00	   0.000	   0.000	   0.000	   0.000	   0.000	   0.000	   0.000	   0.000	   0.000	   0.000
      53	 15:18:12	  -0.000	  -0.005	  231.16	 1010.23	   20.18	   628.9	   -50.3	   197.5	   248.5	   303.9	    -3.0	 357.127	   1.200	   540.0	    30.0	  327370	    0.00	    0.00	    0.00	    0.00	    0.00	   0.000	   0.000	   0.000	   0.000	   0.000	   0.000	   0.000	   0.000	   0.000	   0.000
      54	 15:18:54	  -0.000	   1.000	  231.10	 1010.23	   20.18	   612.0	  -146.4	   184.3	   265.3	   294.0	    63.0	 357.108	   1.200	   539.9	    30.0	  327329	    0.00	    0.00	    0.00	    0.00	    0.00	   0.000	   0.000	   0.000	   0.000	   0.000	   0.000	   0.000	   0.000	   0.000	   0.000
      55	 15:19:34	  -0.000	   1.995	  231.16	 1010.24	   20.18	   615.7	  -273.0	   162.9	   286.9	   297.9	   148.8	 357.176	   1.200	   540.0	    30.0	  327375	    0.00	    0.00	    0.00	    0.00	    0.00	   0.000	   0.000	   0.000	   0.000	   0.000	   0.000	   0.000	   0.000	   0.000	   0.000
      56	 15:20:12	  -0.000	   3.005	  231.05	 1010.24	   20.19	   604.4	  -440.3	   121.7	   330.6	   292.0	   226.0	 357.218	   1.200	   539.7	    30.0	  327285	    0.00	    0.00	    0.00	    0.00	    0.00	   0.000	   0.000	   0.000	   0.000	   0.000	   0.000	   0.000	   0.000	   0.000	   0.000
      57	 15:21:07	  -0.000	   4.000	  230.92	 1010.23	   20.19	   592.8	  -640.6	    75.5	   374.5	   285.0	   320.9	 358.049	   1.200	   539.4	    30.0	  327181	    0.00	    0.00	    0.00	    0.00	    0.00	   0.000	   0.000	   0.000	   0.000	   0.000	   0.000	   0.000	   0.000	   0.000	   0.000
      58	 15:21:56	  -0.000	   5.005	  231.03	 1010.23	   20.19	   574.7	  -824.5	    27.3	   427.0	   273.3	   394.9	 358.583	   1.200	   539.7	    30.0	  327261	    0.00	    0.00	    0.00	    0.00	    0.00	   0.000	   0.000	   0.000	   0.000	   0.000	   0.000	   0.000	   0.000	   0.000	   0.000
      59	 15:22:35	  -0.000	   5.995	  230.76	 1010.26	   20.20	   537.7	 -1027.0	    -7.5	   490.3	   257.4	   484.3	 358.961	   1.200	   539.1	    30.0	  327065	    0.00	    0.00	    0.00	    0.00	    0.00	   0.000	   0.000	   0.000	   0.000	   0.000	   0.000	   0.000	   0.000	   0.000	   0.000
      60	 15:23:32	  -0.000	   7.000	  231.23	 1010.24	   20.21	   508.4	 -1200.5	   -50.5	   545.8	   240.5	   549.0	 359.530	   1.200	   540.2	    30.0	  327377	    0.00	    0.00	    0.00	    0.00	    0.00	   0.000	   0.000	   0.000	   0.000	   0.000	   0.000	   0.000	   0.000	   0.000	   0.000
      61	 15:24:15	  -0.000	   8.000	  230.86	 1010.25	   20.22	   476.0	 -1367.6	   -94.0	   600.7	   222.0	   607.1	 359.514	   1.200	   539.3	    30.0	  327106	    0.00	    0.00	    0.00	    0.00	    0.00	   0.000	   0.000	   0.000	   0.000	   0.000	   0.000	   0.000	   0.000	   0.000	   0.000
      62	 15:25:03	  -0.000	   9.000	  230.79	 1010.24	   20.23	   448.3	 -1516.8	  -137.0	   652.3	   206.5	   652.9	 359.646	   1.200	   539.1	    30.0	  327042	    0.00	    0.00	    0.00	    0.00	    0.00	   0.000	   0.000	   0.000	   0.000	   0.000	   0.000	   0.000	   0.000	   0.000	   0.000
      63	 15:26:13	  -0.000	  10.000	  231.03	 1010.21	   20.24	   422.7	 -1638.7	  -176.5	   701.7	   189.7	   682.4	 360.007	   1.200	   539.7	    30.0	  327193	    0.00	    0.00	    0.00	    0.00	    0.00	   0.000	   0.000	   0.000	   0.000	   0.000	   0.000	   0.000	   0.000	   0.000	   0.000
