  Run_nr	    Time	   Alpha	    Beta	Delta_Pb	   P_bar	       T	      B1	      B2	      B3	      B4	      B5	      B6	     rpm	     Rho	       Q	       V	      Re	 nrotor1	 nrotor2	      I1	      I2	    dptq	  Extra1	  Extra2	  Extra3	  Extra4	  Extra5	  Extra6	  Extra7	  Extra8	  Extra9	 Extra10
       /	   H:M:S	 degrees	 degrees	      Pa	     hPa	 degr._C	   steps	   steps	   steps	   steps	   steps	   steps	   1/min	  kg/m^3	      Pa	     m/s	       /	     1/s	     1/s	       A	       A	      Pa	       /	       /	       /	       /	       /	       /	       /	       /	       /	       /
       1	 18:58:13	   4.995	 -10.000	  408.10	 1008.79	   20.94	  1516.7	  1265.8	  1533.8	   671.7	   940.9	  -258.5	 474.189	   1.195	   956.3	    40.0	  433913	    0.00	    0.00	    0.00	    0.00	    0.00	   0.000	   0.000	   0.000	   0.000	   0.000	   0.000	   0.000	   0.000	   0.000	   0.000
       2	 18:58:36	   4.995	  -9.000	  407.74	 1008.79	   21.00	  1197.2	  2179.6	  1698.0	   549.9	   796.1	  -856.6	 473.852	   1.195	   955.4	    40.0	  433594	    0.00	    0.00	    0.00	    0.00	    0.00	   0.000	   0.000	   0.000	   0.000	   0.000	   0.000	   0.000	   0.000	   0.000	   0.000
       3	 18:58:56	   4.995	  -8.000	  407.92	 1008.77	   21.05	  1230.8	  1947.7	  1608.1	   605.2	   830.7	  -792.7	 473.670	   1.195	   955.9	    40.0	  433604	    0.00	    0.00	    0.00	    0.00	    0.00	   0.000	   0.000	   0.000	   0.000	   0.000	   0.000	   0.000	   0.000	   0.000	   0.000
       4	 18:59:17	   4.995	  -7.000	  407.63	 1008.81	   21.08	  1276.1	  1672.8	  1519.2	   676.3	   858.1	  -699.0	 473.332	   1.194	   955.2	    40.0	  433394	    0.00	    0.00	    0.00	    0.00	    0.00	   0.000	   0.000	   0.000	   0.000	   0.000	   0.000	   0.000	   0.000	   0.000	   0.000
       5	 18:59:36	   4.995	  -6.000	  407.77	 1008.79	   21.11	  1323.5	  1359.2	  1421.6	   748.6	   886.4	  -581.0	 473.227	   1.194	   955.5	    40.0	  433402	    0.00	    0.00	    0.00	    0.00	    0.00	   0.000	   0.000	   0.000	   0.000	   0.000	   0.000	   0.000	   0.000	   0.000	   0.000
       6	 18:59:59	   4.995	  -5.000	  407.77	 1008.78	   21.14	  1352.5	  1052.8	  1328.1	   825.7	   910.9	  -466.9	 472.900	   1.194	   955.5	    40.0	  433363	    0.00	    0.00	    0.00	    0.00	    0.00	   0.000	   0.000	   0.000	   0.000	   0.000	   0.000	   0.000	   0.000	   0.000	   0.000
       7	 19:00:21	   4.995	  -4.000	  407.82	 1008.76	   21.14	  1364.9	   768.5	  1256.1	   893.2	   926.1	  -347.3	 472.327	   1.194	   955.6	    40.0	  433369	    0.00	    0.00	    0.00	    0.00	    0.00	   0.000	   0.000	   0.000	   0.000	   0.000	   0.000	   0.000	   0.000	   0.000	   0.000
       8	 19:01:05	   4.995	  -3.000	  407.69	 1008.78	   21.20	  1382.3	   489.7	  1181.5	   961.4	   936.0	  -239.0	 472.184	   1.194	   955.3	    40.0	  433199	    0.00	    0.00	    0.00	    0.00	    0.00	   0.000	   0.000	   0.000	   0.000	   0.000	   0.000	   0.000	   0.000	   0.000	   0.000
       9	 19:01:25	   4.995	  -2.000	  407.70	 1008.79	   21.21	  1397.9	   250.2	  1111.4	  1023.4	   944.7	  -153.0	 472.298	   1.194	   955.3	    40.0	  433196	    0.00	    0.00	    0.00	    0.00	    0.00	   0.000	   0.000	   0.000	   0.000	   0.000	   0.000	   0.000	   0.000	   0.000	   0.000
      10	 19:01:55	   4.995	  -1.000	  408.14	 1008.77	   21.24	  1401.3	    43.2	  1056.1	  1074.3	   950.9	   -69.9	 472.431	   1.194	   956.4	    40.0	  433365	    0.00	    0.00	    0.00	    0.00	    0.00	   0.000	   0.000	   0.000	   0.000	   0.000	   0.000	   0.000	   0.000	   0.000	   0.000
      11	 19:02:20	   4.995	   0.000	  407.40	 1008.80	   21.24	  1397.3	  -135.2	  1014.4	  1108.2	   949.4	    21.0	 472.298	   1.194	   954.6	    40.0	  432971	    0.00	    0.00	    0.00	    0.00	    0.00	   0.000	   0.000	   0.000	   0.000	   0.000	   0.000	   0.000	   0.000	   0.000	   0.000
      12	 19:02:49	   4.995	   1.000	  407.39	 1008.75	   21.24	  1369.5	  -304.9	   983.6	  1145.8	   931.7	   114.0	 472.446	   1.194	   954.6	    40.0	  432959	    0.00	    0.00	    0.00	    0.00	    0.00	   0.000	   0.000	   0.000	   0.000	   0.000	   0.000	   0.000	   0.000	   0.000	   0.000
      13	 19:03:09	   4.995	   1.995	  407.45	 1008.77	   21.26	  1369.7	  -438.1	   976.0	  1161.5	   931.5	   220.8	 472.523	   1.194	   954.7	    40.0	  432960	    0.00	    0.00	    0.00	    0.00	    0.00	   0.000	   0.000	   0.000	   0.000	   0.000	   0.000	   0.000	   0.000	   0.000	   0.000
      14	 19:03:32	   4.995	   3.005	  407.54	 1008.73	   21.26	  1359.9	  -677.4	   919.3	  1225.0	   925.5	   324.7	 472.634	   1.194	   955.0	    40.0	  432993	    0.00	    0.00	    0.00	    0.00	    0.00	   0.000	   0.000	   0.000	   0.000	   0.000	   0.000	   0.000	   0.000	   0.000	   0.000
      15	 19:03:59	   4.995	   4.000	  407.29	 1008.75	   21.26	  1341.2	 -1001.3	   844.2	  1295.1	   913.4	   469.1	 473.615	   1.194	   954.4	    40.0	  432864	    0.00	    0.00	    0.00	    0.00	    0.00	   0.000	   0.000	   0.000	   0.000	   0.000	   0.000	   0.000	   0.000	   0.000	   0.000
      16	 19:04:36	   4.995	   5.005	  407.41	 1008.76	   21.27	  1316.6	 -1276.5	   769.0	  1374.3	   897.1	   569.2	 473.984	   1.194	   954.7	    40.0	  432911	    0.00	    0.00	    0.00	    0.00	    0.00	   0.000	   0.000	   0.000	   0.000	   0.000	   0.000	   0.000	   0.000	   0.000	   0.000
      17	 19:04:57	   4.995	   5.995	  407.30	 1008.81	   21.28	  1258.2	 -1551.7	   707.5	  1463.0	   868.8	   670.4	 474.117	   1.194	   954.4	    40.0	  432849	    0.00	    0.00	    0.00	    0.00	    0.00	   0.000	   0.000	   0.000	   0.000	   0.000	   0.000	   0.000	   0.000	   0.000	   0.000
      18	 19:05:20	   4.995	   7.000	  407.67	 1008.80	   21.30	  1202.0	 -1836.8	   645.9	  1551.8	   836.8	   782.3	 474.578	   1.194	   955.3	    40.0	  433006	    0.00	    0.00	    0.00	    0.00	    0.00	   0.000	   0.000	   0.000	   0.000	   0.000	   0.000	   0.000	   0.000	   0.000	   0.000
      19	 19:05:48	   4.995	   8.000	  407.28	 1008.81	   21.32	  1170.0	 -2064.6	   585.0	  1641.1	   807.7	   838.7	 474.684	   1.193	   954.3	    40.0	  432760	    0.00	    0.00	    0.00	    0.00	    0.00	   0.000	   0.000	   0.000	   0.000	   0.000	   0.000	   0.000	   0.000	   0.000	   0.000
      20	 19:06:07	   4.995	   8.995	  407.41	 1008.82	   21.32	  1136.8	 -2279.7	   524.3	  1727.9	   780.2	   889.1	 474.862	   1.193	   954.7	    40.0	  432829	    0.00	    0.00	    0.00	    0.00	    0.00	   0.000	   0.000	   0.000	   0.000	   0.000	   0.000	   0.000	   0.000	   0.000	   0.000
      21	 19:06:30	   4.995	  10.000	  407.23	 1008.82	   21.34	  1168.1	 -2290.4	   488.0	  1771.1	   781.9	   819.5	 475.132	   1.193	   954.2	    40.0	  432700	    0.00	    0.00	    0.00	    0.00	    0.00	   0.000	   0.000	   0.000	   0.000	   0.000	   0.000	   0.000	   0.000	   0.000	   0.000
      22	 19:08:11	   4.995	 -10.000	  102.48	 1008.80	   20.94	   460.8	    45.1	   319.8	   216.5	   277.1	    85.4	 245.432	   1.195	   239.1	    20.0	  216949	    0.00	    0.00	    0.00	    0.00	    0.00	   0.000	   0.000	   0.000	   0.000	   0.000	   0.000	   0.000	   0.000	   0.000	   0.000
      23	 19:08:33	   4.995	  -9.000	  102.69	 1008.72	   20.90	   453.2	     3.4	   303.0	   230.0	   278.9	    91.6	 245.302	   1.195	   239.6	    20.0	  217206	    0.00	    0.00	    0.00	    0.00	    0.00	   0.000	   0.000	   0.000	   0.000	   0.000	   0.000	   0.000	   0.000	   0.000	   0.000
      24	 19:08:53	   4.995	  -8.000	  102.61	 1008.74	   20.88	   446.6	   -28.9	   286.8	   242.5	   281.4	    94.9	 244.984	   1.195	   239.4	    20.0	  217150	    0.00	    0.00	    0.00	    0.00	    0.00	   0.000	   0.000	   0.000	   0.000	   0.000	   0.000	   0.000	   0.000	   0.000	   0.000
      25	 19:09:12	   4.995	  -7.000	  102.40	 1008.69	   20.84	   437.9	   -45.5	   272.0	   250.3	   283.4	    89.2	 244.940	   1.195	   238.9	    20.0	  216956	    0.00	    0.00	    0.00	    0.00	    0.00	   0.000	   0.000	   0.000	   0.000	   0.000	   0.000	   0.000	   0.000	   0.000	   0.000
      26	 19:10:02	   4.995	  -6.000	  102.07	 1008.71	   20.81	   420.8	   -26.5	   266.6	   253.1	   280.6	    64.7	 244.526	   1.195	   238.1	    20.0	  216629	    0.00	    0.00	    0.00	    0.00	    0.00	   0.000	   0.000	   0.000	   0.000	   0.000	   0.000	   0.000	   0.000	   0.000	   0.000
      27	 19:10:25	   4.995	  -5.000	  102.76	 1008.72	   20.78	   393.5	    31.1	   270.3	   250.9	   275.5	    18.8	 244.583	   1.196	   239.7	    20.0	  217397	    0.00	    0.00	    0.00	    0.00	    0.00	   0.000	   0.000	   0.000	   0.000	   0.000	   0.000	   0.000	   0.000	   0.000	   0.000
      28	 19:10:45	   4.995	  -4.000	  102.83	 1008.70	   20.76	   349.9	   222.2	   310.0	   219.7	   254.4	  -101.7	 244.494	   1.196	   239.9	    20.0	  217479	    0.00	    0.00	    0.00	    0.00	    0.00	   0.000	   0.000	   0.000	   0.000	   0.000	   0.000	   0.000	   0.000	   0.000	   0.000
      29	 19:11:05	   4.995	  -3.000	  101.96	 1008.72	   20.75	   355.0	   159.6	   296.5	   232.9	   252.5	   -74.4	 244.065	   1.196	   237.9	    19.9	  216572	    0.00	    0.00	    0.00	    0.00	    0.00	   0.000	   0.000	   0.000	   0.000	   0.000	   0.000	   0.000	   0.000	   0.000	   0.000
      30	 19:11:22	   4.995	  -2.000	  102.43	 1008.74	   20.74	   363.6	   100.4	   280.9	   248.7	   255.5	   -51.7	 244.067	   1.196	   239.0	    20.0	  217090	    0.00	    0.00	    0.00	    0.00	    0.00	   0.000	   0.000	   0.000	   0.000	   0.000	   0.000	   0.000	   0.000	   0.000	   0.000
      31	 19:11:43	   4.995	  -1.000	  102.62	 1008.68	   20.72	   365.0	    41.4	   266.1	   266.4	   257.9	   -29.6	 244.223	   1.196	   239.4	    20.0	  217299	    0.00	    0.00	    0.00	    0.00	    0.00	   0.000	   0.000	   0.000	   0.000	   0.000	   0.000	   0.000	   0.000	   0.000	   0.000
      32	 19:12:02	   4.995	   0.000	  102.73	 1008.68	   20.70	   363.2	   -13.2	   251.3	   279.1	   257.7	    -3.8	 244.179	   1.196	   239.7	    20.0	  217437	    0.00	    0.00	    0.00	    0.00	    0.00	   0.000	   0.000	   0.000	   0.000	   0.000	   0.000	   0.000	   0.000	   0.000	   0.000
      33	 19:12:26	   4.995	   1.000	  102.94	 1008.71	   20.68	   363.6	   -61.5	   241.2	   290.2	   258.5	    22.1	 244.278	   1.196	   240.2	    20.0	  217677	    0.00	    0.00	    0.00	    0.00	    0.00	   0.000	   0.000	   0.000	   0.000	   0.000	   0.000	   0.000	   0.000	   0.000	   0.000
      34	 19:12:44	   4.995	   1.995	  102.42	 1008.71	   20.66	   359.7	  -100.0	   235.5	   295.5	   255.8	    50.5	 244.133	   1.196	   238.9	    20.0	  217143	    0.00	    0.00	    0.00	    0.00	    0.00	   0.000	   0.000	   0.000	   0.000	   0.000	   0.000	   0.000	   0.000	   0.000	   0.000
      35	 19:13:02	   4.995	   3.005	  101.98	 1008.71	   20.65	   352.3	  -152.5	   224.2	   304.9	   252.4	    79.4	 244.218	   1.196	   237.9	    19.9	  216682	    0.00	    0.00	    0.00	    0.00	    0.00	   0.000	   0.000	   0.000	   0.000	   0.000	   0.000	   0.000	   0.000	   0.000	   0.000
      36	 19:13:19	   4.995	   4.000	  102.63	 1008.70	   20.63	   352.5	  -217.2	   207.1	   323.5	   252.3	   103.7	 244.519	   1.196	   239.4	    20.0	  217395	    0.00	    0.00	    0.00	    0.00	    0.00	   0.000	   0.000	   0.000	   0.000	   0.000	   0.000	   0.000	   0.000	   0.000	   0.000
      37	 19:13:43	   4.995	   5.005	  102.43	 1008.68	   20.62	   402.7	    -0.9	   236.3	   283.9	   275.4	   -33.8	 244.548	   1.196	   238.9	    20.0	  217188	    0.00	    0.00	    0.00	    0.00	    0.00	   0.000	   0.000	   0.000	   0.000	   0.000	   0.000	   0.000	   0.000	   0.000	   0.000
      38	 19:14:14	   4.995	   5.995	  102.42	 1008.69	   20.59	   418.6	    59.5	   244.9	   278.3	   283.9	   -78.5	 244.563	   1.196	   238.9	    20.0	  217206	    0.00	    0.00	    0.00	    0.00	    0.00	   0.000	   0.000	   0.000	   0.000	   0.000	   0.000	   0.000	   0.000	   0.000	   0.000
      39	 19:14:31	   4.995	   7.000	  102.41	 1008.69	   20.58	   431.0	    47.2	   236.1	   289.8	   286.5	   -87.9	 244.742	   1.196	   238.9	    20.0	  217211	    0.00	    0.00	    0.00	    0.00	    0.00	   0.000	   0.000	   0.000	   0.000	   0.000	   0.000	   0.000	   0.000	   0.000	   0.000
      40	 19:14:52	   4.995	   8.000	  102.53	 1008.68	   20.58	   438.6	    12.2	   222.6	   305.3	   287.9	   -83.5	 244.912	   1.196	   239.2	    20.0	  217331	    0.00	    0.00	    0.00	    0.00	    0.00	   0.000	   0.000	   0.000	   0.000	   0.000	   0.000	   0.000	   0.000	   0.000	   0.000
      41	 19:15:10	   4.995	   8.995	  102.55	 1008.69	   20.57	   442.5	   -22.1	   209.2	   320.0	   287.9	   -79.6	 244.916	   1.196	   239.2	    20.0	  217372	    0.00	    0.00	    0.00	    0.00	    0.00	   0.000	   0.000	   0.000	   0.000	   0.000	   0.000	   0.000	   0.000	   0.000	   0.000
      42	 19:15:26	   4.995	  10.000	  102.56	 1008.70	   20.56	   445.3	   -61.7	   194.2	   336.1	   286.9	   -73.7	 245.103	   1.196	   239.3	    20.0	  217384	    0.00	    0.00	    0.00	    0.00	    0.00	   0.000	   0.000	   0.000	   0.000	   0.000	   0.000	   0.000	   0.000	   0.000	   0.000
      43	 19:16:56	   4.995	 -10.000	  230.41	 1008.69	   20.70	   980.1	   339.1	   773.5	   436.1	   600.5	    65.6	 360.982	   1.196	   538.2	    30.0	  325851	    0.00	    0.00	    0.00	    0.00	    0.00	   0.000	   0.000	   0.000	   0.000	   0.000	   0.000	   0.000	   0.000	   0.000	   0.000
      44	 19:17:23	   4.995	  -9.000	  230.32	 1008.69	   20.70	   981.8	   179.8	   718.2	   478.6	   611.1	   113.7	 360.879	   1.196	   538.0	    30.0	  325787	    0.00	    0.00	    0.00	    0.00	    0.00	   0.000	   0.000	   0.000	   0.000	   0.000	   0.000	   0.000	   0.000	   0.000	   0.000
      45	 19:17:43	   4.995	  -8.000	  230.35	 1008.68	   20.71	   971.2	    78.8	   675.6	   511.7	   616.5	   132.7	 360.928	   1.196	   538.1	    30.0	  325793	    0.00	    0.00	    0.00	    0.00	    0.00	   0.000	   0.000	   0.000	   0.000	   0.000	   0.000	   0.000	   0.000	   0.000	   0.000
      46	 19:17:59	   4.995	  -7.000	  230.19	 1008.68	   20.72	   939.0	    86.8	   663.0	   528.0	   603.7	    94.0	 360.773	   1.196	   537.7	    30.0	  325676	    0.00	    0.00	    0.00	    0.00	    0.00	   0.000	   0.000	   0.000	   0.000	   0.000	   0.000	   0.000	   0.000	   0.000	   0.000
      47	 19:18:25	   4.995	  -6.000	  230.19	 1008.72	   20.72	   860.1	   318.0	   702.0	   494.6	   565.7	   -71.9	 360.548	   1.196	   537.7	    30.0	  325671	    0.00	    0.00	    0.00	    0.00	    0.00	   0.000	   0.000	   0.000	   0.000	   0.000	   0.000	   0.000	   0.000	   0.000	   0.000
      48	 19:18:44	   4.995	  -5.000	  230.53	 1008.70	   20.72	   772.4	   643.6	   755.0	   448.5	   531.0	  -281.7	 360.331	   1.196	   538.5	    30.0	  325906	    0.00	    0.00	    0.00	    0.00	    0.00	   0.000	   0.000	   0.000	   0.000	   0.000	   0.000	   0.000	   0.000	   0.000	   0.000
      49	 19:19:12	   4.995	  -4.000	  230.58	 1008.77	   20.72	   775.6	   477.8	   709.9	   493.1	   538.7	  -218.0	 359.494	   1.196	   538.6	    30.0	  325957	    0.00	    0.00	    0.00	    0.00	    0.00	   0.000	   0.000	   0.000	   0.000	   0.000	   0.000	   0.000	   0.000	   0.000	   0.000
      50	 19:19:29	   4.995	  -3.000	  230.70	 1008.69	   20.73	   792.4	   325.8	   672.3	   530.8	   546.5	  -155.9	 359.507	   1.196	   538.9	    30.0	  326019	    0.00	    0.00	    0.00	    0.00	    0.00	   0.000	   0.000	   0.000	   0.000	   0.000	   0.000	   0.000	   0.000	   0.000	   0.000
      51	 19:19:45	   4.995	  -2.000	  230.59	 1008.72	   20.73	   802.9	   185.5	   631.3	   565.4	   549.4	  -103.1	 359.009	   1.196	   538.7	    30.0	  325940	    0.00	    0.00	    0.00	    0.00	    0.00	   0.000	   0.000	   0.000	   0.000	   0.000	   0.000	   0.000	   0.000	   0.000	   0.000
      52	 19:20:05	   4.995	  -1.000	  230.20	 1008.74	   20.74	   804.4	    54.6	   594.5	   598.9	   553.4	   -54.5	 358.688	   1.196	   537.8	    30.0	  325662	    0.00	    0.00	    0.00	    0.00	    0.00	   0.000	   0.000	   0.000	   0.000	   0.000	   0.000	   0.000	   0.000	   0.000	   0.000
      53	 19:20:24	   4.995	   0.000	  230.20	 1008.76	   20.74	   800.9	   -61.9	   566.4	   625.3	   552.2	     1.7	 358.774	   1.196	   537.7	    30.0	  325657	    0.00	    0.00	    0.00	    0.00	    0.00	   0.000	   0.000	   0.000	   0.000	   0.000	   0.000	   0.000	   0.000	   0.000	   0.000
      54	 19:20:44	   4.995	   1.000	  230.50	 1008.79	   20.74	   793.0	  -155.3	   553.1	   642.0	   546.6	    62.5	 358.870	   1.196	   538.4	    30.0	  325867	    0.00	    0.00	    0.00	    0.00	    0.00	   0.000	   0.000	   0.000	   0.000	   0.000	   0.000	   0.000	   0.000	   0.000	   0.000
      55	 19:21:00	   4.995	   1.995	  230.29	 1008.78	   20.74	   790.3	  -252.6	   539.7	   659.9	   544.7	   125.8	 358.946	   1.196	   538.0	    30.0	  325720	    0.00	    0.00	    0.00	    0.00	    0.00	   0.000	   0.000	   0.000	   0.000	   0.000	   0.000	   0.000	   0.000	   0.000	   0.000
      56	 19:21:20	   4.995	   3.005	  230.25	 1008.70	   20.74	   780.1	  -384.4	   509.9	   694.6	   539.6	   185.6	 359.168	   1.196	   537.9	    30.0	  325688	    0.00	    0.00	    0.00	    0.00	    0.00	   0.000	   0.000	   0.000	   0.000	   0.000	   0.000	   0.000	   0.000	   0.000	   0.000
      57	 19:21:37	   4.995	   4.000	  229.79	 1008.75	   20.74	   769.0	  -567.1	   462.9	   733.0	   532.7	   265.2	 359.745	   1.196	   536.8	    30.0	  325368	    0.00	    0.00	    0.00	    0.00	    0.00	   0.000	   0.000	   0.000	   0.000	   0.000	   0.000	   0.000	   0.000	   0.000	   0.000
      58	 19:21:54	   4.995	   5.005	  230.16	 1008.76	   20.74	   754.6	  -717.0	   424.3	   776.1	   523.9	   322.9	 360.318	   1.196	   537.6	    30.0	  325627	    0.00	    0.00	    0.00	    0.00	    0.00	   0.000	   0.000	   0.000	   0.000	   0.000	   0.000	   0.000	   0.000	   0.000	   0.000
      59	 19:22:13	   4.995	   5.995	  230.34	 1008.75	   20.74	   719.0	  -890.5	   387.4	   831.9	   507.5	   389.9	 360.452	   1.196	   538.1	    30.0	  325756	    0.00	    0.00	    0.00	    0.00	    0.00	   0.000	   0.000	   0.000	   0.000	   0.000	   0.000	   0.000	   0.000	   0.000	   0.000
      60	 19:22:30	   4.995	   7.005	  230.27	 1008.77	   20.73	   688.7	 -1049.8	   349.4	   880.2	   489.7	   451.8	 360.565	   1.196	   537.9	    30.0	  325716	    0.00	    0.00	    0.00	    0.00	    0.00	   0.000	   0.000	   0.000	   0.000	   0.000	   0.000	   0.000	   0.000	   0.000	   0.000
      61	 19:22:45	   4.995	   7.995	  230.14	 1008.79	   20.74	   661.4	 -1218.3	   307.1	   938.9	   468.6	   506.3	 360.676	   1.196	   537.6	    30.0	  325620	    0.00	    0.00	    0.00	    0.00	    0.00	   0.000	   0.000	   0.000	   0.000	   0.000	   0.000	   0.000	   0.000	   0.000	   0.000
      62	 19:23:07	   4.995	   9.000	  230.50	 1008.80	   20.74	   638.6	 -1360.0	   269.6	   991.4	   452.9	   547.5	 360.772	   1.196	   538.4	    30.0	  325878	    0.00	    0.00	    0.00	    0.00	    0.00	   0.000	   0.000	   0.000	   0.000	   0.000	   0.000	   0.000	   0.000	   0.000	   0.000
      63	 19:23:40	   4.995	  10.000	  230.62	 1008.81	   20.75	   612.4	 -1491.1	   230.9	  1040.7	   434.9	   581.2	 360.897	   1.196	   538.7	    30.0	  325955	    0.00	    0.00	    0.00	    0.00	    0.00	   0.000	   0.000	   0.000	   0.000	   0.000	   0.000	   0.000	   0.000	   0.000	   0.000
      64	 19:25:39	   4.995	  -9.995	  633.68	 1008.78	   21.45	  1890.3	  3259.0	  2709.4	   851.7	  1214.3	 -1125.8	 587.639	   1.193	  1491.2	    50.0	  540647	    0.00	    0.00	    0.00	    0.00	    0.00	   0.000	   0.000	   0.000	   0.000	   0.000	   0.000	   0.000	   0.000	   0.000	   0.000
      65	 19:25:59	   4.995	  -8.995	  633.68	 1008.75	   21.53	  1907.2	  3071.4	  2605.4	   924.6	  1244.5	 -1137.4	 587.513	   1.193	  1491.2	    50.0	  540461	    0.00	    0.00	    0.00	    0.00	    0.00	   0.000	   0.000	   0.000	   0.000	   0.000	   0.000	   0.000	   0.000	   0.000	   0.000
      66	 19:26:18	   4.995	  -8.000	  633.80	 1008.73	   21.58	  1937.2	  2770.9	  2469.1	  1004.6	  1287.4	 -1087.0	 587.123	   1.192	  1491.5	    50.0	  540371	    0.00	    0.00	    0.00	    0.00	    0.00	   0.000	   0.000	   0.000	   0.000	   0.000	   0.000	   0.000	   0.000	   0.000	   0.000
      67	 19:26:41	   4.995	  -7.000	  633.57	 1008.72	   21.64	  1994.1	  2424.2	  2345.7	  1091.1	  1324.8	  -981.8	 586.569	   1.192	  1490.9	    50.0	  540137	    0.00	    0.00	    0.00	    0.00	    0.00	   0.000	   0.000	   0.000	   0.000	   0.000	   0.000	   0.000	   0.000	   0.000	   0.000
      68	 19:27:07	   4.995	  -6.000	  633.40	 1008.71	   21.70	  2059.2	  1977.5	  2199.7	  1193.2	  1363.1	  -817.9	 585.850	   1.192	  1490.5	    50.0	  539912	    0.00	    0.00	    0.00	    0.00	    0.00	   0.000	   0.000	   0.000	   0.000	   0.000	   0.000	   0.000	   0.000	   0.000	   0.000
      69	 19:28:13	   4.995	  -5.000	  632.73	 1008.67	   21.84	  2088.5	  1516.8	  2072.8	  1312.5	  1389.7	  -645.2	 584.987	   1.191	  1488.9	    50.0	  539297	    0.00	    0.00	    0.00	    0.00	    0.00	   0.000	   0.000	   0.000	   0.000	   0.000	   0.000	   0.000	   0.000	   0.000	   0.000
      70	 19:28:57	   4.995	  -4.000	  632.83	 1008.66	   21.91	  2109.1	  1094.5	  1953.1	  1425.6	  1412.6	  -495.9	 584.001	   1.191	  1489.2	    50.0	  539166	    0.00	    0.00	    0.00	    0.00	    0.00	   0.000	   0.000	   0.000	   0.000	   0.000	   0.000	   0.000	   0.000	   0.000	   0.000
      71	 19:29:19	   4.995	  -3.000	  633.08	 1008.65	   21.96	  2137.9	   707.2	  1848.0	  1517.3	  1432.0	  -343.4	 583.607	   1.191	  1489.8	    50.0	  539163	    0.00	    0.00	    0.00	    0.00	    0.00	   0.000	   0.000	   0.000	   0.000	   0.000	   0.000	   0.000	   0.000	   0.000	   0.000
      72	 19:29:53	   4.995	  -2.000	  632.32	 1008.65	   22.01	  2146.9	   303.9	  1728.0	  1624.0	  1437.5	  -202.7	 583.195	   1.190	  1488.0	    50.0	  538711	    0.00	    0.00	    0.00	    0.00	    0.00	   0.000	   0.000	   0.000	   0.000	   0.000	   0.000	   0.000	   0.000	   0.000	   0.000
      73	 19:30:12	   4.995	  -0.995	  632.41	 1008.65	   22.03	  2120.9	    35.4	  1667.7	  1688.4	  1426.3	   -84.0	 583.238	   1.190	  1488.2	    50.0	  538723	    0.00	    0.00	    0.00	    0.00	    0.00	   0.000	   0.000	   0.000	   0.000	   0.000	   0.000	   0.000	   0.000	   0.000	   0.000
      74	 19:30:32	   4.995	   0.000	  632.53	 1008.65	   22.06	  2117.0	  -232.9	  1606.7	  1742.5	  1426.8	    48.9	 582.880	   1.190	  1488.5	    50.0	  538692	    0.00	    0.00	    0.00	    0.00	    0.00	   0.000	   0.000	   0.000	   0.000	   0.000	   0.000	   0.000	   0.000	   0.000	   0.000
      75	 19:30:51	   4.995	   1.000	  632.00	 1008.66	   22.09	  2106.6	  -509.4	  1545.9	  1799.7	  1419.2	   192.0	 582.845	   1.190	  1487.2	    50.0	  538413	    0.00	    0.00	    0.00	    0.00	    0.00	   0.000	   0.000	   0.000	   0.000	   0.000	   0.000	   0.000	   0.000	   0.000	   0.000
      76	 19:31:07	   4.995	   1.995	  632.04	 1008.63	   22.10	  2106.9	  -715.3	  1530.3	  1824.7	  1419.2	   347.6	 582.883	   1.190	  1487.3	    50.0	  538385	    0.00	    0.00	    0.00	    0.00	    0.00	   0.000	   0.000	   0.000	   0.000	   0.000	   0.000	   0.000	   0.000	   0.000	   0.000
      77	 19:31:29	   4.995	   3.005	  632.08	 1008.64	   22.12	  2093.8	 -1065.7	  1449.7	  1915.6	  1410.9	   503.7	 583.033	   1.190	  1487.4	    50.0	  538349	    0.00	    0.00	    0.00	    0.00	    0.00	   0.000	   0.000	   0.000	   0.000	   0.000	   0.000	   0.000	   0.000	   0.000	   0.000
      78	 19:31:54	   4.995	   4.000	  631.91	 1008.65	   22.15	  2069.1	 -1521.2	  1342.4	  2023.1	  1392.8	   698.7	 583.665	   1.190	  1487.0	    50.0	  538216	    0.00	    0.00	    0.00	    0.00	    0.00	   0.000	   0.000	   0.000	   0.000	   0.000	   0.000	   0.000	   0.000	   0.000	   0.000
      79	 19:32:16	   4.995	   5.005	  631.72	 1008.65	   22.18	  2031.0	 -1963.8	  1226.8	  2139.5	  1370.0	   870.9	 584.451	   1.190	  1486.5	    50.0	  538075	    0.00	    0.00	    0.00	    0.00	    0.00	   0.000	   0.000	   0.000	   0.000	   0.000	   0.000	   0.000	   0.000	   0.000	   0.000
      80	 19:32:37	   4.995	   5.995	  631.65	 1008.64	   22.20	  1946.0	 -2313.2	  1151.3	  2253.2	  1325.2	   994.4	 584.961	   1.190	  1486.4	    50.0	  537985	    0.00	    0.00	    0.00	    0.00	    0.00	   0.000	   0.000	   0.000	   0.000	   0.000	   0.000	   0.000	   0.000	   0.000	   0.000
      81	 19:32:55	   4.995	   7.005	  631.69	 1008.63	   22.22	  1871.2	 -2688.7	  1061.1	  2383.6	  1282.8	  1117.2	 585.280	   1.190	  1486.5	    50.0	  537957	    0.00	    0.00	    0.00	    0.00	    0.00	   0.000	   0.000	   0.000	   0.000	   0.000	   0.000	   0.000	   0.000	   0.000	   0.000
      82	 19:33:13	   4.995	   7.995	  631.78	 1008.61	   22.24	  1850.7	 -2928.9	   989.9	  2498.6	  1253.5	  1144.8	 585.693	   1.189	  1486.7	    50.0	  537938	    0.00	    0.00	    0.00	    0.00	    0.00	   0.000	   0.000	   0.000	   0.000	   0.000	   0.000	   0.000	   0.000	   0.000	   0.000
      83	 19:33:28	   4.995	   9.005	  632.01	 1008.63	   22.28	  1863.0	 -3127.7	   913.7	  2609.8	  1236.8	  1140.2	 585.806	   1.189	  1487.2	    50.0	  537956	    0.00	    0.00	    0.00	    0.00	    0.00	   0.000	   0.000	   0.000	   0.000	   0.000	   0.000	   0.000	   0.000	   0.000	   0.000
      84	 19:33:44	   4.995	   9.995	  631.82	 1008.62	   22.30	  1877.0	 -3187.5	   853.0	  2686.2	  1226.3	  1054.9	 586.061	   1.189	  1486.8	    50.0	  537828	    0.00	    0.00	    0.00	    0.00	    0.00	   0.000	   0.000	   0.000	   0.000	   0.000	   0.000	   0.000	   0.000	   0.000	   0.000
