  Run_nr	   Alpha	    Beta	      CL	      CD	    Cyaw	 Cm_p_qc	      Ct	      Cn	   Cside	 Cm_roll	Cm_pitch	  Cm_yaw	      Cx	      Cy	      Cz	    Cm_x	    Cm_y	    Cm_z	      Fx	      Fy	      Fz	      Mx	      My	      Mz	     DPb	    Pbar	       T	     Rho	       Q	       V	      Re	       M
       /	 degrees	 degrees	       /	       /	       /	       /	       /	       /	       /	       /	       /	       /	       /	       /	       /	       /	       /	       /	       N	       N	       N	      Nm	      Nm	      Nm	      Pa	      Pa	 degr. C	  kg/m^3	      Pa	     m/s	       /	       /
       1	  -5.000	   0.000	 -0.1756	0.035244	 0.01521	-0.23493	0.019810	 -0.1780	0.015206	-0.00089	-0.19044	-0.00074	0.035244	-0.015206	-0.175567	-0.00329	-0.19617	-0.00082	   15.72	   -5.26	  -58.45	   -1.59	  -10.01	   -0.40	  636.10	 1009.28	   20.36	   1.198	  1497.0	   49.99	4.230E+5	   0.146
       2	  -4.000	   0.000	 -0.0867	0.033608	 0.01459	-0.20065	0.027481	 -0.0888	0.014594	-0.00092	-0.17846	-0.00070	0.033608	-0.014594	-0.086656	-0.00324	-0.18393	-0.00076	   15.12	   -5.04	  -27.65	   -1.57	   -9.35	   -0.37	  635.66	 1009.28	   20.54	   1.197	  1495.9	   49.99	4.225E+5	   0.146
       3	  -3.000	   0.000	  0.0054	0.032934	 0.01355	-0.16424	0.033174	  0.0037	0.013548	-0.00103	-0.16516	-0.00066	0.032934	-0.013548	0.005450	-0.00320	-0.17052	-0.00071	   14.75	   -4.68	    3.97	   -1.55	   -8.65	   -0.34	  635.46	 1009.29	   20.69	   1.197	  1495.5	   50.00	4.222E+5	   0.145
       4	  -2.000	   0.000	  0.0970	0.032967	 0.01307	-0.12744	0.036332	  0.0958	0.013074	-0.00108	-0.15139	-0.00064	0.032967	-0.013074	0.096989	-0.00319	-0.15675	-0.00068	   14.62	   -4.51	   35.37	   -1.54	   -7.92	   -0.33	  635.11	 1009.26	   20.81	   1.196	  1494.6	   49.99	4.218E+5	   0.145
       5	  -1.000	   0.000	  0.1856	0.033689	 0.01397	-0.09144	0.036923	  0.1850	0.013968	-0.00107	-0.13769	-0.00068	0.033689	-0.013968	0.185606	-0.00333	-0.14317	-0.00070	   14.77	   -4.82	   66.50	   -1.61	   -7.20	   -0.34	  634.71	 1009.24	   20.91	   1.196	  1493.7	   49.99	4.215E+5	   0.145
       6	  -0.000	   0.000	  0.2732	0.034953	 0.01420	-0.05484	0.034953	  0.2732	0.014204	-0.00103	-0.12314	-0.00073	0.034953	-0.014204	0.273201	-0.00334	-0.12882	-0.00073	   15.10	   -4.90	   97.27	   -1.61	   -6.44	   -0.35	  634.49	 1009.25	   21.01	   1.195	  1493.1	   49.98	4.212E+5	   0.145
       7	   1.000	   0.000	  0.3602	0.036935	 0.01395	-0.01741	0.030643	  0.3608	0.013951	-0.00105	-0.10761	-0.00086	0.036935	-0.013951	0.360195	-0.00334	-0.11362	-0.00084	   15.66	   -4.81	  127.42	   -1.61	   -5.63	   -0.41	  634.38	 1009.23	   21.12	   1.195	  1492.9	   49.99	4.210E+5	   0.145
       8	   2.000	   0.000	  0.4461	0.039357	 0.01358	 0.02047	0.023765	  0.4472	0.013585	-0.00115	-0.09134	-0.00091	0.039357	-0.013585	0.446116	-0.00339	-0.09774	-0.00087	   16.38	   -4.69	  157.26	   -1.64	   -4.79	   -0.42	  634.54	 1009.26	   21.20	   1.194	  1493.3	   50.00	4.209E+5	   0.145
       9	   3.000	   0.000	  0.5290	0.042164	 0.01279	 0.05758	0.014419	  0.5305	0.012785	-0.00120	-0.07505	-0.00093	0.042164	-0.012785	0.529023	-0.00333	-0.08191	-0.00087	   17.25	   -4.41	  186.29	   -1.61	   -3.93	   -0.42	  634.36	 1009.23	   21.24	   1.194	  1492.8	   50.00	4.208E+5	   0.145
      10	   4.000	   0.000	  0.6094	0.045509	 0.01184	 0.09420	0.002892	  0.6110	0.011836	-0.00130	-0.05857	-0.00095	0.045509	-0.011836	0.609357	-0.00329	-0.06597	-0.00086	   18.30	   -4.08	  214.40	   -1.59	   -3.07	   -0.42	  634.13	 1009.25	   21.28	   1.194	  1492.3	   49.99	4.206E+5	   0.145
      11	   5.000	   0.000	  0.6882	0.049324	 0.01045	 0.13082	-0.010847	  0.6899	0.010448	-0.00138	-0.04166	-0.00100	0.049324	-0.010448	0.688229	-0.00316	-0.04969	-0.00089	   19.59	   -3.60	  241.70	   -1.53	   -2.21	   -0.43	  634.66	 1009.24	   21.32	   1.194	  1493.6	   50.02	4.207E+5	   0.145
      12	  -5.000	   0.000	 -0.1757	0.036538	 0.01296	-0.23545	0.021090	 -0.1782	0.012957	-0.00131	-0.19090	-0.00070	0.036538	-0.012957	-0.175660	-0.00335	-0.19685	-0.00082	   10.32	   -2.86	  -37.32	   -1.03	   -6.41	   -0.25	  407.72	 1009.15	   21.33	   1.194	   955.4	   40.01	3.365E+5	   0.116
      13	  -4.000	   0.000	 -0.0884	0.035232	 0.01515	-0.20142	0.028979	 -0.0906	0.015149	-0.00110	-0.17876	-0.00064	0.035232	-0.015149	-0.088400	-0.00352	-0.18449	-0.00072	   10.02	   -3.34	  -18.05	   -1.09	   -5.99	   -0.22	  407.80	 1009.14	   21.32	   1.194	   955.6	   40.01	3.365E+5	   0.116
      14	  -3.000	   0.000	  0.0029	0.034816	 0.01495	-0.16507	0.034921	  0.0011	0.014953	-0.00110	-0.16534	-0.00057	0.034816	-0.014953	0.002917	-0.00350	-0.17100	-0.00063	    9.84	   -3.30	    1.98	   -1.08	   -5.54	   -0.19	  407.54	 1009.14	   21.32	   1.194	   955.0	   40.00	3.364E+5	   0.116
      15	  -2.000	   0.000	  0.0942	0.035041	 0.01262	-0.12844	0.038307	  0.0929	0.012616	-0.00126	-0.15167	-0.00055	0.035041	-0.012616	0.094197	-0.00329	-0.15737	-0.00059	    9.80	   -2.78	   21.98	   -1.02	   -5.08	   -0.18	  407.56	 1009.15	   21.30	   1.194	   955.0	   40.00	3.364E+5	   0.116
      16	  -1.000	   0.000	  0.1826	0.035644	 0.01163	-0.09249	0.038825	  0.1819	0.011633	-0.00129	-0.13798	-0.00054	0.035644	-0.011633	0.182583	-0.00318	-0.14378	-0.00057	    9.88	   -2.57	   41.86	   -0.98	   -4.62	   -0.17	  407.60	 1009.12	   21.29	   1.194	   955.1	   40.00	3.365E+5	   0.116
      17	   0.000	   0.000	  0.2706	0.036805	 0.01097	-0.05572	0.036805	  0.2706	0.010967	-0.00130	-0.12338	-0.00056	0.036805	-0.010967	0.270650	-0.00308	-0.12937	-0.00056	   10.07	   -2.42	   61.66	   -0.95	   -4.14	   -0.17	  407.59	 1009.12	   21.26	   1.194	   955.1	   40.00	3.365E+5	   0.116
      18	   1.000	   0.000	  0.3578	0.038759	 0.01056	-0.01869	0.032508	  0.3584	0.010560	-0.00132	-0.10830	-0.00065	0.038759	-0.010560	0.357818	-0.00305	-0.11461	-0.00062	   10.42	   -2.33	   80.99	   -0.94	   -3.64	   -0.19	  407.58	 1009.08	   21.24	   1.194	   955.1	   40.00	3.365E+5	   0.116
      19	   2.000	   0.000	  0.4438	0.041343	 0.01007	 0.01905	0.025830	  0.4450	0.010074	-0.00135	-0.09219	-0.00068	0.041343	-0.010074	0.443792	-0.00301	-0.09891	-0.00064	   10.92	   -2.22	  100.09	   -0.93	   -3.11	   -0.20	  407.68	 1009.12	   21.24	   1.194	   955.3	   40.00	3.366E+5	   0.116
      20	   3.000	   0.000	  0.5260	0.044349	 0.01017	 0.05553	0.016762	  0.5276	0.010170	-0.00126	-0.07635	-0.00077	0.044349	-0.010170	0.525952	-0.00295	-0.08357	-0.00070	   11.52	   -2.24	  118.57	   -0.91	   -2.58	   -0.22	  407.80	 1009.10	   21.23	   1.194	   955.6	   40.01	3.366E+5	   0.116
      21	   4.000	   0.000	  0.6061	0.047929	 0.01065	 0.09216	0.005535	  0.6079	0.010648	-0.00131	-0.05983	-0.00086	0.047929	-0.010648	0.606082	-0.00310	-0.06763	-0.00077	   12.24	   -2.35	  136.49	   -0.96	   -2.02	   -0.24	  407.58	 1009.08	   21.20	   1.194	   955.1	   39.99	3.366E+5	   0.116
      22	   5.000	   0.000	  0.6844	0.051605	 0.00975	 0.12919	-0.008242	  0.6863	0.009745	-0.00131	-0.04238	-0.00089	0.051605	-0.009745	0.684413	-0.00297	-0.05078	-0.00078	   13.04	   -2.15	  153.75	   -0.92	   -1.45	   -0.24	  407.67	 1009.06	   21.18	   1.194	   955.3	   40.00	3.366E+5	   0.116
