  Run_nr	   Alpha	    Beta	      CL	      CD	    Cyaw	 Cm_p_qc	      Ct	      Cn	   Cside	 Cm_roll	Cm_pitch	  Cm_yaw	      Cx	      Cy	      Cz	    Cm_x	    Cm_y	    Cm_z	      Fx	      Fy	      Fz	      Mx	      My	      Mz	     DPb	    Pbar	       T	     Rho	       Q	       V	      Re	       M
       /	 degrees	 degrees	       /	       /	       /	       /	       /	       /	       /	       /	       /	       /	       /	       /	       /	       /	       /	       /	       N	       N	       N	      Nm	      Nm	      Nm	      Pa	      Pa	 degr. C	  kg/m^3	      Pa	     m/s	       /	       /
       1	  -0.000	 -10.000	  0.2976	0.056869	-0.07316	-0.07429	0.043301	  0.2976	-0.081928	 0.00070	-0.14869	 0.00759	0.043300	0.081928	0.297610	 0.01403	-0.15574	 0.00759	   11.56	   18.16	   67.93	    4.35	   -5.12	    2.36	  409.54	 1010.64	   20.40	   1.199	   959.7	   40.00	3.388E+5	   0.116
       2	  -0.000	  -9.000	  0.2937	0.046863	-0.11492	-0.04649	0.028309	  0.2937	-0.120835	 0.00379	-0.11992	 0.02189	0.028308	0.120835	0.293740	 0.02345	-0.12453	 0.02189	    8.24	   26.79	   67.07	    7.28	   -3.98	    6.79	  409.53	 1010.62	   20.45	   1.199	   959.7	   40.01	3.388E+5	   0.116
       3	  -0.000	  -8.000	  0.2913	0.044764	-0.10183	-0.04757	0.030158	  0.2913	-0.107067	 0.00399	-0.12041	 0.02041	0.030157	0.107067	0.291345	 0.02141	-0.12531	 0.02041	    8.64	   23.73	   66.53	    6.64	   -4.01	    6.33	  409.45	 1010.65	   20.50	   1.199	   959.5	   40.01	3.387E+5	   0.116
       4	  -0.000	  -7.000	  0.2880	0.043110	-0.08693	-0.04976	0.032196	  0.2880	-0.091532	 0.00372	-0.12175	 0.01821	0.032195	0.091532	0.287972	 0.01861	-0.12699	 0.01821	    9.09	   20.29	   65.78	    5.77	   -4.07	    5.65	  409.43	 1010.60	   20.54	   1.199	   959.4	   40.01	3.386E+5	   0.116
       5	  -0.000	  -6.000	  0.2812	0.041779	-0.07100	-0.05352	0.034130	  0.2812	-0.074980	 0.00299	-0.12381	 0.01536	0.034129	0.074980	0.281163	 0.01519	-0.12936	 0.01536	    9.52	   16.61	   64.23	    4.71	   -4.15	    4.76	  409.19	 1010.63	   20.57	   1.199	   958.9	   40.00	3.384E+5	   0.116
       6	  -0.000	  -5.000	  0.2765	0.040276	-0.05269	-0.05385	0.035532	  0.2765	-0.056001	 0.00204	-0.12297	 0.01163	0.035531	0.056001	0.276501	 0.01115	-0.12876	 0.01163	    9.83	   12.41	   63.22	    3.46	   -4.13	    3.61	  409.32	 1010.58	   20.61	   1.198	   959.2	   40.01	3.384E+5	   0.116
       7	  -0.000	  -4.000	  0.2772	0.038874	-0.03689	-0.05274	0.036207	  0.2772	-0.039515	 0.00160	-0.12204	 0.00882	0.036206	0.039515	0.277211	 0.00803	-0.12793	 0.00882	    9.97	    8.75	   63.33	    2.49	   -4.10	    2.73	  409.03	 1010.55	   20.63	   1.198	   958.5	   40.00	3.383E+5	   0.116
       8	  -0.000	  -3.000	  0.2764	0.038159	-0.02303	-0.05441	0.036903	  0.2764	-0.024993	 0.00123	-0.12352	 0.00626	0.036902	0.024993	0.276414	 0.00529	-0.12952	 0.00626	   10.13	    5.53	   63.16	    1.64	   -4.16	    1.94	  409.07	 1010.56	   20.67	   1.198	   958.6	   40.00	3.382E+5	   0.116
       9	  -0.000	  -2.000	  0.2749	0.037713	-0.01025	-0.05637	0.037334	  0.2749	-0.011560	 0.00085	-0.12510	 0.00392	0.037333	0.011560	0.274928	 0.00273	-0.13118	 0.00392	   10.22	    2.56	   62.83	    0.85	   -4.22	    1.22	  409.07	 1010.57	   20.70	   1.198	   958.6	   40.00	3.382E+5	   0.116
      10	  -0.000	  -1.000	  0.2743	0.037031	 0.00287	-0.05574	0.037076	  0.2743	0.002227	 0.00067	-0.12431	 0.00174	0.037075	-0.002227	0.274302	 0.00031	-0.13035	 0.00174	   10.17	   -0.49	   62.69	    0.10	   -4.19	    0.54	  409.06	 1010.55	   20.72	   1.198	   958.5	   40.00	3.381E+5	   0.116
      11	  -0.000	   0.000	  0.2741	0.036784	 0.00963	-0.05480	0.036785	  0.2741	0.009635	 0.00009	-0.12334	-0.00045	0.036784	-0.009635	0.274149	-0.00148	-0.12932	-0.00045	   10.10	   -2.13	   62.64	   -0.46	   -4.15	   -0.14	  408.97	 1010.53	   20.75	   1.198	   958.3	   40.00	3.381E+5	   0.116
      12	  -0.000	   1.000	  0.2742	0.037134	 0.00769	-0.05448	0.036995	  0.2742	0.008332	-0.00089	-0.12303	-0.00332	0.036994	-0.008332	0.274222	-0.00224	-0.12905	-0.00332	   10.14	   -1.84	   62.65	   -0.69	   -4.14	   -1.03	  408.90	 1010.49	   20.76	   1.198	   958.2	   40.00	3.380E+5	   0.116
      13	  -0.000	   2.000	  0.2747	0.037322	 0.01682	-0.05347	0.036713	  0.2747	0.018112	-0.00138	-0.12214	-0.00606	0.036712	-0.018112	0.274707	-0.00433	-0.12812	-0.00606	   10.08	   -4.01	   62.76	   -1.34	   -4.11	   -1.88	  408.92	 1010.53	   20.79	   1.198	   958.2	   40.00	3.380E+5	   0.116
      14	  -0.000	   2.995	  0.2755	0.037821	 0.03140	-0.05187	0.036130	  0.2755	0.033334	-0.00147	-0.12074	-0.00868	0.036129	-0.033334	0.275476	-0.00689	-0.12662	-0.00868	    9.95	   -7.38	   62.93	   -2.13	   -4.05	   -2.69	  408.90	 1010.53	   20.82	   1.198	   958.2	   40.00	3.379E+5	   0.116
      15	  -0.000	   4.005	  0.2735	0.038646	 0.04603	-0.05186	0.035338	  0.2735	0.048622	-0.00232	-0.12023	-0.01191	0.035337	-0.048622	0.273490	-0.01023	-0.12598	-0.01191	    9.78	  -10.76	   62.48	   -3.17	   -4.03	   -3.69	  408.86	 1010.51	   20.82	   1.197	   958.1	   40.00	3.379E+5	   0.116
      16	  -0.000	   5.005	  0.2722	0.039395	 0.06186	-0.05041	0.033849	  0.2722	0.065057	-0.00317	-0.11846	-0.01502	0.033848	-0.065057	0.272210	-0.01375	-0.12397	-0.01502	    9.45	  -14.40	   62.20	   -4.26	   -3.95	   -4.65	  408.89	 1010.52	   20.83	   1.197	   958.2	   40.00	3.379E+5	   0.116
      17	  -0.000	   5.995	  0.2824	0.039761	 0.07787	-0.04248	0.031412	  0.2824	0.081593	-0.00390	-0.11307	-0.01804	0.031411	-0.081593	0.282352	-0.01717	-0.11818	-0.01804	    8.90	  -18.04	   64.39	   -5.32	   -3.74	   -5.59	  408.57	 1010.49	   20.85	   1.197	   957.4	   39.99	3.377E+5	   0.116
      18	  -0.000	   7.000	  0.2865	0.040840	 0.09285	-0.03846	0.029221	  0.2865	0.097131	-0.00439	-0.11008	-0.02035	0.029220	-0.097131	0.286481	-0.02019	-0.11483	-0.02035	    8.42	  -21.49	   65.33	   -6.25	   -3.62	   -6.30	  408.71	 1010.49	   20.87	   1.197	   957.7	   40.00	3.378E+5	   0.116
      19	  -0.000	   8.000	  0.2895	0.042805	 0.10526	-0.03656	0.027739	  0.2895	0.110196	-0.00415	-0.10895	-0.02172	0.027738	-0.110196	0.289527	-0.02208	-0.11346	-0.02172	    8.09	  -24.38	   66.00	   -6.84	   -3.57	   -6.73	  408.69	 1010.47	   20.88	   1.197	   957.7	   40.00	3.377E+5	   0.116
      20	  -0.000	   8.995	  0.2917	0.045186	 0.11586	-0.03591	0.026516	  0.2917	0.121500	-0.00358	-0.10883	-0.02245	0.026515	-0.121500	0.291690	-0.02335	-0.11314	-0.02245	    7.82	  -26.88	   66.48	   -7.23	   -3.56	   -6.95	  408.71	 1010.45	   20.90	   1.197	   957.7	   40.00	3.377E+5	   0.116
      21	  -0.000	  10.000	  0.2937	0.048982	 0.11921	-0.04033	0.027539	  0.2937	0.125900	-0.00214	-0.11375	-0.02104	0.027538	-0.125900	0.293691	-0.02262	-0.11823	-0.02104	    8.04	  -27.84	   66.90	   -7.00	   -3.74	   -6.51	  408.54	 1010.47	   20.93	   1.197	   957.3	   39.99	3.376E+5	   0.116
      22	  -0.000	  -9.995	  0.3060	0.065276	-0.02472	-0.11737	0.059995	  0.3060	-0.035676	-0.00289	-0.19387	-0.00762	0.059994	0.035676	0.305994	 0.00292	-0.20363	-0.00762	    3.81	    1.98	   17.44	    0.23	   -1.72	   -0.59	  102.77	 1010.40	   20.44	   1.199	   239.8	   20.00	1.693E+5	   0.058
      23	  -0.000	  -9.000	  0.3036	0.062134	-0.01453	-0.11027	0.059096	  0.3036	-0.024072	-0.00242	-0.18616	-0.00842	0.059095	0.024072	0.303565	 0.00149	-0.19577	-0.00842	    3.76	    1.33	   17.31	    0.12	   -1.65	   -0.65	  102.82	 1010.43	   20.38	   1.199	   239.9	   20.00	1.694E+5	   0.058
      24	  -0.000	  -8.000	  0.3025	0.059531	-0.00596	-0.10242	0.058123	  0.3025	-0.014191	-0.00156	-0.17804	-0.00899	0.058122	0.014191	0.302467	 0.00075	-0.18749	-0.00899	    3.71	    0.79	   17.26	    0.06	   -1.57	   -0.70	  102.86	 1010.42	   20.36	   1.199	   240.0	   20.00	1.694E+5	   0.058
      25	  -0.000	  -7.000	  0.3016	0.057046	-0.00005	-0.09538	0.056616	  0.3016	-0.007002	-0.00047	-0.17077	-0.00880	0.056615	0.007002	0.301573	 0.00067	-0.17999	-0.00880	    3.63	    0.39	   17.22	    0.05	   -1.50	   -0.68	  102.97	 1010.43	   20.32	   1.199	   240.2	   20.01	1.696E+5	   0.058
      26	  -0.000	  -6.000	  0.2982	0.054041	 0.00386	-0.08582	0.054150	  0.2982	-0.001812	 0.00056	-0.16037	-0.00809	0.054149	0.001812	0.298200	 0.00085	-0.16918	-0.00809	    3.49	    0.10	   17.00	    0.07	   -1.40	   -0.63	  102.78	 1010.40	   20.27	   1.200	   239.8	   19.99	1.694E+5	   0.058
      27	  -0.000	  -4.995	  0.2883	0.048065	-0.01247	-0.06266	0.046798	  0.2883	-0.016604	 0.00415	-0.13473	-0.00187	0.046797	0.016604	0.288267	 0.00685	-0.14235	-0.00187	    3.08	    0.92	   16.46	    0.53	   -1.16	   -0.15	  102.83	 1010.37	   20.25	   1.200	   239.9	   20.00	1.695E+5	   0.058
      28	  -0.000	  -4.005	  0.2882	0.043721	-0.02249	-0.04926	0.042044	  0.2882	-0.025492	 0.00527	-0.12131	 0.00279	0.042043	0.025492	0.288221	 0.00942	-0.12816	 0.00279	    2.82	    1.41	   16.46	    0.73	   -1.03	    0.22	  102.81	 1010.33	   20.21	   1.200	   239.8	   20.00	1.695E+5	   0.058
      29	  -0.000	  -3.000	  0.2891	0.041156	-0.03053	-0.05135	0.039503	  0.2891	-0.032645	 0.00400	-0.12363	 0.00647	0.039502	0.032645	0.289126	 0.00931	-0.13006	 0.00647	    2.67	    1.81	   16.49	    0.72	   -1.04	    0.50	  102.68	 1010.33	   20.18	   1.200	   239.5	   19.98	1.694E+5	   0.058
      30	  -0.000	  -2.000	  0.2873	0.041441	-0.01808	-0.06026	0.040786	  0.2873	-0.019520	 0.00343	-0.13208	 0.00404	0.040785	0.019520	0.287310	 0.00660	-0.13872	 0.00404	    2.76	    1.08	   16.44	    0.51	   -1.13	    0.31	  103.05	 1010.31	   20.15	   1.200	   240.4	   20.02	1.697E+5	   0.058
      31	  -0.000	  -1.000	  0.2868	0.040781	-0.00606	-0.05790	0.040670	  0.2868	-0.006769	 0.00298	-0.12960	 0.00172	0.040669	0.006769	0.286809	 0.00408	-0.13622	 0.00172	    2.74	    0.38	   16.39	    0.32	   -1.10	    0.13	  102.88	 1010.32	   20.12	   1.200	   240.0	   20.00	1.696E+5	   0.058
      32	  -0.000	   0.000	  0.2875	0.041096	 0.00285	-0.05698	0.041097	  0.2875	0.002848	 0.00282	-0.12884	-0.00096	0.041096	-0.002848	0.287460	 0.00236	-0.13553	-0.00096	    2.77	   -0.16	   16.43	    0.18	   -1.10	   -0.07	  102.90	 1010.35	   20.10	   1.200	   240.0	   20.00	1.697E+5	   0.058
      33	  -0.000	   1.000	  0.2878	0.040604	 0.00598	-0.05644	0.040495	  0.2878	0.006684	 0.00256	-0.12839	-0.00375	0.040494	-0.006684	0.287811	 0.00147	-0.13498	-0.00375	    2.74	   -0.37	   16.45	    0.11	   -1.09	   -0.29	  102.92	 1010.34	   20.07	   1.200	   240.1	   20.00	1.697E+5	   0.058
      34	  -0.000	   2.000	  0.2881	0.041154	 0.01613	-0.05535	0.040567	  0.2881	0.017554	 0.00246	-0.12738	-0.00648	0.040566	-0.017554	0.288116	-0.00040	-0.13398	-0.00648	    2.74	   -0.97	   16.47	   -0.03	   -1.08	   -0.50	  102.91	 1010.32	   20.05	   1.200	   240.1	   20.00	1.697E+5	   0.058
      35	  -0.000	   3.000	  0.2887	0.040779	 0.02552	-0.05164	0.039388	  0.2887	0.027621	 0.00224	-0.12381	-0.00923	0.039387	-0.027621	0.288692	-0.00225	-0.13022	-0.00923	    2.68	   -1.53	   16.51	   -0.17	   -1.05	   -0.72	  102.95	 1010.32	   20.02	   1.201	   240.2	   20.00	1.698E+5	   0.058
      36	  -0.000	   4.000	  0.2856	0.041844	 0.03851	-0.05257	0.039057	  0.2856	0.041335	 0.00121	-0.12397	-0.01226	0.039056	-0.041335	0.285611	-0.00552	-0.13032	-0.01226	    2.65	   -2.29	   16.32	   -0.43	   -1.05	   -0.95	  102.85	 1010.35	   20.00	   1.201	   239.9	   19.99	1.697E+5	   0.058
      37	  -0.000	   5.005	  0.2887	0.048957	-0.00181	-0.07380	0.048929	  0.2887	0.002471	 0.00514	-0.14597	 0.00123	0.048928	-0.002471	0.288675	 0.00474	-0.15393	 0.00123	    3.21	   -0.14	   16.52	    0.37	   -1.27	    0.10	  103.06	 1010.33	   19.98	   1.201	   240.4	   20.01	1.699E+5	   0.058
      38	  -0.000	   5.995	  0.2985	0.051769	-0.00839	-0.07443	0.052362	  0.2985	-0.002932	 0.00599	-0.14905	 0.00456	0.052361	0.002932	0.298488	 0.00647	-0.15757	 0.00456	    3.40	    0.16	   17.06	    0.50	   -1.30	    0.35	  103.04	 1010.31	   19.98	   1.201	   240.4	   20.01	1.699E+5	   0.058
      39	  -0.000	   7.000	  0.3012	0.054150	-0.00377	-0.07861	0.054206	  0.3012	0.002862	 0.00662	-0.15392	 0.00500	0.054205	-0.002862	0.301214	 0.00616	-0.16274	 0.00500	    3.50	   -0.16	   17.19	    0.48	   -1.35	    0.39	  102.89	 1010.32	   19.95	   1.201	   240.0	   19.99	1.698E+5	   0.058
      40	  -0.000	   8.005	  0.3028	0.056415	 0.00561	-0.08112	0.055085	  0.3028	0.013413	 0.00710	-0.15682	 0.00430	0.055084	-0.013413	0.302803	 0.00492	-0.16578	 0.00430	    3.55	   -0.74	   17.30	    0.38	   -1.38	    0.33	  103.05	 1010.29	   19.94	   1.201	   240.4	   20.01	1.699E+5	   0.058
      41	  -0.000	   9.000	  0.3044	0.058607	 0.01490	-0.08412	0.055556	  0.3044	0.023882	 0.00758	-0.16023	 0.00359	0.055555	-0.023882	0.304426	 0.00370	-0.16927	 0.00359	    3.57	   -1.32	   17.37	    0.29	   -1.41	    0.28	  102.93	 1010.34	   19.94	   1.201	   240.1	   20.00	1.698E+5	   0.058
      42	  -0.000	  10.005	  0.3073	0.061217	 0.02500	-0.08576	0.055945	  0.3073	0.035252	 0.00834	-0.16260	 0.00271	0.055944	-0.035252	0.307338	 0.00260	-0.17170	 0.00271	    3.60	   -1.96	   17.56	    0.20	   -1.43	    0.21	  103.05	 1010.31	   19.92	   1.201	   240.4	   20.01	1.699E+5	   0.058
      43	  -0.000	  -9.995	  0.2981	0.062556	-0.03929	-0.09761	0.054789	  0.2981	-0.049548	-0.00211	-0.17214	-0.00240	0.054788	0.049548	0.298120	 0.00595	-0.18105	-0.00240	    7.94	    6.18	   38.30	    1.04	   -3.40	   -0.42	  231.21	 1010.30	   20.01	   1.201	   540.1	   30.00	2.546E+5	   0.087
      44	  -0.000	  -9.000	  0.2960	0.059346	-0.03094	-0.09114	0.053777	  0.2960	-0.039842	-0.00127	-0.16513	-0.00266	0.053775	0.039842	0.295987	 0.00521	-0.17388	-0.00266	    7.81	    4.97	   38.03	    0.91	   -3.26	   -0.46	  231.24	 1010.33	   20.06	   1.200	   540.2	   30.00	2.545E+5	   0.087
      45	  -0.000	  -8.000	  0.2941	0.056379	-0.02236	-0.08611	0.052720	  0.2941	-0.029989	-0.00066	-0.15963	-0.00303	0.052719	0.029989	0.294085	 0.00421	-0.16821	-0.00303	    7.68	    3.74	   37.80	    0.74	   -3.14	   -0.53	  231.22	 1010.30	   20.08	   1.200	   540.2	   30.00	2.545E+5	   0.087
      46	  -0.000	  -7.000	  0.2911	0.052788	-0.02396	-0.08000	0.049476	  0.2911	-0.030213	-0.00040	-0.15277	-0.00070	0.049475	0.030213	0.291090	 0.00451	-0.16082	-0.00070	    7.28	    3.77	   37.44	    0.79	   -2.99	   -0.12	  231.35	 1010.31	   20.10	   1.200	   540.4	   30.01	2.546E+5	   0.087
      47	  -0.000	  -6.000	  0.2847	0.048285	-0.03367	-0.07168	0.044502	  0.2847	-0.038538	-0.00005	-0.14286	 0.00404	0.044501	0.038538	0.284701	 0.00622	-0.15010	 0.00404	    6.66	    4.81	   36.65	    1.09	   -2.77	    0.71	  231.37	 1010.28	   20.12	   1.200	   540.5	   30.01	2.545E+5	   0.087
      48	  -0.000	  -4.995	  0.2751	0.041369	-0.05699	-0.05257	0.036251	  0.2751	-0.060373	 0.00328	-0.12135	 0.01274	0.036251	0.060373	0.275147	 0.01310	-0.12725	 0.01274	    5.63	    7.53	   35.44	    2.29	   -2.30	    2.23	  231.28	 1010.28	   20.13	   1.200	   540.3	   30.01	2.545E+5	   0.087
      49	  -0.000	  -4.005	  0.2774	0.039878	-0.04078	-0.04967	0.036933	  0.2774	-0.043468	 0.00260	-0.11901	 0.00952	0.036932	0.043468	0.277375	 0.00968	-0.12502	 0.00952	    5.72	    5.43	   35.74	    1.69	   -2.25	    1.67	  231.45	 1010.26	   20.14	   1.200	   540.7	   30.02	2.546E+5	   0.087
      50	  -0.000	  -3.000	  0.2771	0.039275	-0.02641	-0.05328	0.037840	  0.2771	-0.028431	 0.00210	-0.12256	 0.00683	0.037839	0.028431	0.277127	 0.00672	-0.12872	 0.00683	    5.83	    3.55	   35.69	    1.17	   -2.33	    1.19	  231.29	 1010.29	   20.14	   1.200	   540.3	   30.01	2.545E+5	   0.087
      51	  -0.000	  -2.000	  0.2758	0.039359	-0.01527	-0.05756	0.038803	  0.2758	-0.016636	 0.00155	-0.12650	 0.00441	0.038802	0.016636	0.275769	 0.00426	-0.13281	 0.00441	    5.94	    2.07	   35.48	    0.74	   -2.41	    0.77	  231.05	 1010.28	   20.16	   1.200	   539.7	   29.99	2.543E+5	   0.087
      52	  -0.000	  -1.000	  0.2753	0.039035	-0.00407	-0.05605	0.038959	  0.2753	-0.004751	 0.00121	-0.12487	 0.00203	0.038958	0.004751	0.275262	 0.00198	-0.13121	 0.00203	    5.96	    0.59	   35.42	    0.35	   -2.38	    0.35	  231.07	 1010.27	   20.16	   1.200	   539.8	   30.00	2.543E+5	   0.087
      53	  -0.000	  -0.005	  0.2755	0.039225	 0.00510	-0.05541	0.039226	  0.2755	0.005098	 0.00081	-0.12428	-0.00052	0.039225	-0.005098	0.275491	-0.00002	-0.13066	-0.00052	    6.00	   -0.64	   35.46	   -0.00	   -2.37	   -0.09	  231.16	 1010.23	   20.18	   1.200	   540.0	   30.00	2.544E+5	   0.087
      54	  -0.000	   1.000	  0.2754	0.038174	 0.01019	-0.05393	0.037992	  0.2754	0.010859	 0.00020	-0.12278	-0.00298	0.037991	-0.010859	0.275420	-0.00157	-0.12896	-0.00298	    5.84	   -1.35	   35.45	   -0.27	   -2.33	   -0.52	  231.10	 1010.23	   20.18	   1.200	   539.9	   30.00	2.543E+5	   0.087
      55	  -0.000	   1.995	  0.2762	0.038878	 0.01723	-0.05297	0.038255	  0.2762	0.018571	-0.00036	-0.12203	-0.00618	0.038254	-0.018571	0.276238	-0.00338	-0.12825	-0.00618	    5.87	   -2.32	   35.56	   -0.59	   -2.32	   -1.08	  231.16	 1010.24	   20.18	   1.200	   540.0	   30.00	2.544E+5	   0.087
      56	  -0.000	   3.005	  0.2765	0.039088	 0.03035	-0.05148	0.037444	  0.2765	0.032358	-0.00061	-0.12060	-0.00908	0.037443	-0.032358	0.276454	-0.00587	-0.12669	-0.00908	    5.77	   -4.03	   35.57	   -1.02	   -2.28	   -1.59	  231.05	 1010.24	   20.19	   1.200	   539.7	   30.00	2.543E+5	   0.087
      57	  -0.000	   4.000	  0.2742	0.039926	 0.04595	-0.05125	0.036624	  0.2742	0.048626	-0.00181	-0.11979	-0.01264	0.036623	-0.048626	0.274160	-0.00972	-0.12575	-0.01264	    5.67	   -6.06	   35.26	   -1.70	   -2.26	   -2.21	  230.92	 1010.23	   20.19	   1.200	   539.4	   29.99	2.542E+5	   0.087
      58	  -0.000	   5.005	  0.2739	0.040785	 0.06149	-0.05028	0.035266	  0.2739	0.064811	-0.00202	-0.11875	-0.01542	0.035265	-0.064811	0.273887	-0.01256	-0.12449	-0.01542	    5.50	   -8.08	   35.24	   -2.19	   -2.24	   -2.69	  231.03	 1010.23	   20.19	   1.200	   539.7	   29.99	2.543E+5	   0.087
      59	  -0.000	   5.995	  0.2851	0.040973	 0.07812	-0.04073	0.032591	  0.2851	0.081972	-0.00296	-0.11201	-0.01880	0.032590	-0.081972	0.285132	-0.01630	-0.11732	-0.01880	    5.16	  -10.21	   36.60	   -2.84	   -2.09	   -3.28	  230.76	 1010.26	   20.20	   1.200	   539.1	   29.98	2.541E+5	   0.087
      60	  -0.000	   7.000	  0.2875	0.042014	 0.09316	-0.03711	0.030349	  0.2875	0.097587	-0.00313	-0.10897	-0.02119	0.030348	-0.097587	0.287465	-0.01900	-0.11391	-0.02119	    4.89	  -12.18	   36.97	   -3.32	   -2.02	   -3.70	  231.23	 1010.24	   20.21	   1.200	   540.2	   30.01	2.544E+5	   0.087
      61	  -0.000	   8.000	  0.2899	0.043528	 0.10839	-0.03344	0.028020	  0.2899	0.113397	-0.00322	-0.10592	-0.02341	0.028019	-0.113397	0.289897	-0.02167	-0.11047	-0.02341	    4.59	  -14.13	   37.21	   -3.78	   -1.95	   -4.08	  230.86	 1010.25	   20.22	   1.200	   539.3	   29.98	2.542E+5	   0.087
      62	  -0.000	   9.000	  0.2912	0.045698	 0.12237	-0.03023	0.025994	  0.2912	0.128011	-0.00301	-0.10303	-0.02515	0.025993	-0.128011	0.291233	-0.02384	-0.10726	-0.02515	    4.34	  -15.94	   37.37	   -4.16	   -1.88	   -4.38	  230.79	 1010.24	   20.23	   1.200	   539.1	   29.98	2.541E+5	   0.087
      63	  -0.000	  10.000	  0.2925	0.048108	 0.13423	-0.02862	0.024069	  0.2925	0.140548	-0.00222	-0.10175	-0.02624	0.024068	-0.140548	0.292514	-0.02509	-0.10566	-0.02624	    4.10	  -17.52	   37.57	   -4.38	   -1.85	   -4.58	  231.03	 1010.21	   20.24	   1.200	   539.7	   30.00	2.542E+5	   0.087
