  Run_nr	   Alpha	    Beta	      CL	      CD	    Cyaw	 Cm_p_qc	      Ct	      Cn	   Cside	 Cm_roll	Cm_pitch	  Cm_yaw	      Cx	      Cy	      Cz	    Cm_x	    Cm_y	    Cm_z	      Fx	      Fy	      Fz	      Mx	      My	      Mz	     DPb	    Pbar	       T	     Rho	       Q	       V	      Re	       M
       /	 degrees	 degrees	       /	       /	       /	       /	       /	       /	       /	       /	       /	       /	       /	       /	       /	       /	       /	       /	       N	       N	       N	      Nm	      Nm	      Nm	      Pa	      Pa	 degr. C	  kg/m^3	      Pa	     m/s	       /	       /
       1	   0.000	 -10.000	  0.2647	0.041150	-0.10731	-0.04012	0.021888	  0.2647	-0.112829	 0.00249	-0.10630	 0.01917	0.021890	0.112829	0.264717	 0.02085	-0.10986	 0.01917	   10.58	   38.85	   94.18	   10.05	   -5.35	    9.24	  633.35	 1008.86	   21.63	   1.192	  1490.4	   50.00	4.197E+5	   0.145
       2	   0.000	  -9.000	  0.2620	0.038484	-0.10046	-0.03792	0.022294	  0.2620	-0.105240	 0.00318	-0.10342	 0.01951	0.022295	0.105240	0.262024	 0.02030	-0.10705	 0.01951	   10.73	   36.26	   93.32	    9.79	   -5.19	    9.41	  633.83	 1008.90	   21.75	   1.192	  1491.6	   50.03	4.196E+5	   0.145
       3	   0.000	  -8.000	  0.2589	0.036327	-0.09019	-0.03741	0.023421	  0.2589	-0.094365	 0.00349	-0.10214	 0.01883	0.023422	0.094365	0.258917	 0.01884	-0.10595	 0.01883	   11.10	   32.47	   92.11	    9.08	   -5.12	    9.07	  632.90	 1008.88	   21.84	   1.191	  1489.4	   50.00	4.191E+5	   0.145
       4	   0.000	  -7.000	  0.2539	0.034556	-0.07690	-0.03910	0.024925	  0.2539	-0.080536	 0.00325	-0.10257	 0.01712	0.024927	0.080536	0.253886	 0.01636	-0.10663	 0.01712	   11.63	   27.73	   90.44	    7.88	   -5.16	    8.25	  633.33	 1008.88	   21.89	   1.191	  1490.4	   50.02	4.192E+5	   0.145
       5	   0.000	  -6.000	  0.2488	0.032949	-0.06205	-0.04141	0.026281	  0.2488	-0.065149	 0.00262	-0.10361	 0.01465	0.026283	0.065149	0.248797	 0.01322	-0.10789	 0.01465	   12.09	   22.42	   88.67	    6.37	   -5.24	    7.06	  633.19	 1008.89	   21.93	   1.191	  1490.0	   50.02	4.191E+5	   0.145
       6	   0.000	  -5.000	  0.2442	0.031544	-0.04555	-0.04234	0.027453	  0.2442	-0.048124	 0.00198	-0.10340	 0.01160	0.027455	0.048124	0.244222	 0.00981	-0.10787	 0.01160	   12.48	   16.55	   87.04	    4.72	   -5.23	    5.59	  632.77	 1008.84	   21.98	   1.191	  1489.0	   50.01	4.188E+5	   0.145
       7	   0.000	  -4.000	  0.2446	0.030239	-0.03036	-0.04122	0.028046	  0.2446	-0.032396	 0.00155	-0.10237	 0.00905	0.028047	0.032396	0.244634	 0.00682	-0.10694	 0.00905	   12.68	   11.14	   87.13	    3.28	   -5.17	    4.36	  632.39	 1008.84	   22.01	   1.191	  1488.2	   50.00	4.186E+5	   0.145
       8	   0.000	  -3.000	  0.2436	0.029404	-0.01608	-0.04225	0.028521	  0.2436	-0.017593	 0.00144	-0.10314	 0.00674	0.028522	0.017593	0.243564	 0.00430	-0.10778	 0.00674	   12.85	    6.05	   86.83	    2.07	   -5.23	    3.25	  632.87	 1008.88	   22.03	   1.191	  1489.3	   50.02	4.188E+5	   0.145
       9	   0.000	  -2.000	  0.2432	0.028296	-0.00677	-0.04270	0.028041	  0.2432	-0.007754	 0.00090	-0.10351	 0.00456	0.028043	0.007754	0.243219	 0.00217	-0.10807	 0.00456	   12.68	    2.67	   86.65	    1.04	   -5.24	    2.19	  632.48	 1008.89	   22.06	   1.191	  1488.4	   50.00	4.186E+5	   0.145
      10	   0.000	  -0.995	  0.2427	0.027963	 0.00504	-0.04237	0.028045	  0.2427	0.004556	 0.00048	-0.10306	 0.00225	0.028046	-0.004556	0.242724	-0.00026	-0.10762	 0.00225	   12.68	   -1.57	   86.47	   -0.13	   -5.21	    1.08	  632.37	 1008.88	   22.10	   1.190	  1488.1	   50.00	4.185E+5	   0.145
      11	   0.000	  -0.005	  0.2418	0.027923	 0.01683	-0.04192	0.027923	  0.2418	0.016829	 0.00017	-0.10236	 0.00005	0.027925	-0.016829	0.241756	-0.00257	-0.10690	 0.00005	   12.64	   -5.79	   86.16	   -1.24	   -5.17	    0.03	  632.55	 1008.88	   22.12	   1.190	  1488.5	   50.01	4.185E+5	   0.145
      12	   0.000	   1.000	  0.2409	0.027971	 0.02203	-0.04134	0.027580	  0.2409	0.022514	-0.00045	-0.10156	-0.00227	0.027582	-0.022514	0.240905	-0.00412	-0.10605	-0.00227	   12.52	   -7.74	   85.82	   -1.98	   -5.12	   -1.09	  632.19	 1008.83	   22.14	   1.190	  1487.7	   50.00	4.183E+5	   0.145
      13	   0.000	   1.995	  0.2416	0.029125	 0.02414	-0.04116	0.028265	  0.2416	0.025139	-0.00131	-0.10155	-0.00520	0.028267	-0.025139	0.241552	-0.00540	-0.10615	-0.00520	   12.75	   -8.64	   86.02	   -2.60	   -5.13	   -2.50	  632.02	 1008.85	   22.18	   1.190	  1487.3	   50.00	4.182E+5	   0.145
      14	   0.000	   3.005	  0.2427	0.029794	 0.03701	-0.03978	0.027812	  0.2427	0.038516	-0.00149	-0.10045	-0.00771	0.027813	-0.038516	0.242701	-0.00775	-0.10498	-0.00771	   12.59	  -13.23	   86.38	   -3.73	   -5.06	   -3.71	  631.79	 1008.86	   22.22	   1.190	  1486.7	   49.99	4.181E+5	   0.145
      15	   0.000	   4.000	  0.2417	0.030583	 0.04997	-0.03943	0.027020	  0.2417	0.051985	-0.00229	-0.09985	-0.01060	0.027022	-0.051985	0.241698	-0.01074	-0.10425	-0.01060	   12.31	  -17.85	   86.02	   -5.17	   -5.02	   -5.09	  631.66	 1008.84	   22.23	   1.190	  1486.4	   49.99	4.180E+5	   0.145
      16	   0.000	   5.005	  0.2397	0.031583	 0.06643	-0.03850	0.025665	  0.2397	0.068932	-0.00327	-0.09843	-0.01375	0.025667	-0.068932	0.239706	-0.01448	-0.10260	-0.01375	   11.86	  -23.68	   85.39	   -6.97	   -4.93	   -6.61	  632.05	 1008.84	   22.28	   1.190	  1487.3	   50.01	4.180E+5	   0.145
      17	   0.000	   5.995	  0.2487	0.032037	 0.08064	-0.03191	0.023437	  0.2487	0.083550	-0.00389	-0.09407	-0.01620	0.023439	-0.083550	0.248654	-0.01749	-0.09788	-0.01620	   11.09	  -28.70	   88.46	   -8.41	   -4.66	   -7.79	  632.02	 1008.90	   22.30	   1.190	  1487.3	   50.00	4.180E+5	   0.145
      18	   0.000	   7.000	  0.2545	0.033282	 0.09315	-0.02837	0.021680	  0.2545	0.096513	-0.00416	-0.09199	-0.01779	0.021682	-0.096513	0.254477	-0.01986	-0.09552	-0.01779	   10.48	  -33.15	   90.43	   -9.55	   -4.52	   -8.56	  631.85	 1008.77	   22.33	   1.189	  1486.9	   50.00	4.179E+5	   0.145
      19	   0.000	   8.000	  0.2579	0.035763	 0.10221	-0.02881	0.021189	  0.2579	0.106191	-0.00371	-0.09328	-0.01821	0.021191	-0.106191	0.257914	-0.02099	-0.09673	-0.01821	   10.31	  -36.46	   91.59	  -10.09	   -4.59	   -8.75	  631.69	 1008.82	   22.36	   1.189	  1486.5	   50.00	4.178E+5	   0.145
      20	   0.000	   8.995	  0.2611	0.039181	 0.10775	-0.03234	0.021851	  0.2611	0.112549	-0.00272	-0.09761	-0.01751	0.021853	-0.112549	0.261086	-0.02103	-0.10117	-0.01751	   10.53	  -38.63	   92.63	  -10.10	   -4.84	   -8.41	  631.38	 1008.81	   22.39	   1.189	  1485.7	   49.99	4.176E+5	   0.145
      21	   0.000	  10.000	  0.2630	0.042095	 0.11168	-0.03465	0.022061	  0.2630	0.117290	-0.00155	-0.10040	-0.01623	0.022063	-0.117290	0.262994	-0.02064	-0.10399	-0.01623	   10.61	  -40.25	   93.28	   -9.92	   -5.00	   -7.80	  631.35	 1008.82	   22.41	   1.189	  1485.7	   49.99	4.176E+5	   0.145
      22	   0.000	 -10.000	  0.2018	0.040762	-0.03426	-0.06390	0.034192	  0.2018	-0.040823	-0.00074	-0.11436	 0.00061	0.034193	0.040823	0.201815	 0.00590	-0.11992	 0.00061	    5.33	    5.06	   26.10	    1.02	   -2.13	    0.11	  229.65	 1008.84	   21.64	   1.192	   536.5	   30.00	2.518E+5	   0.087
      23	   0.000	  -9.000	  0.1999	0.037805	-0.02516	-0.05826	0.033402	  0.1999	-0.030764	-0.00007	-0.10823	 0.00018	0.033404	0.030764	0.199882	 0.00493	-0.11367	 0.00018	    5.24	    3.82	   25.89	    0.86	   -2.01	    0.03	  229.93	 1008.85	   21.61	   1.192	   537.1	   30.02	2.519E+5	   0.087
      24	   0.000	  -8.000	  0.1981	0.035085	-0.01503	-0.05365	0.032650	  0.1981	-0.019768	 0.00034	-0.10318	-0.00057	0.032652	0.019768	0.198109	 0.00355	-0.10849	-0.00057	    5.14	    2.45	   25.63	    0.62	   -1.90	   -0.10	  229.53	 1008.83	   21.58	   1.192	   536.2	   29.99	2.517E+5	   0.087
      25	   0.000	  -7.000	  0.1956	0.031677	-0.01526	-0.04753	0.029580	  0.1956	-0.019003	 0.00082	-0.09643	 0.00160	0.029581	0.019003	0.195597	 0.00391	-0.10124	 0.00160	    4.76	    2.36	   25.34	    0.68	   -1.75	    0.28	  229.75	 1008.78	   21.55	   1.192	   536.7	   30.00	2.519E+5	   0.087
      26	   0.000	  -6.000	  0.1891	0.027462	-0.02408	-0.04054	0.024793	  0.1891	-0.026818	 0.00084	-0.08782	 0.00608	0.024795	0.026818	0.189113	 0.00520	-0.09186	 0.00608	    4.17	    3.33	   24.56	    0.90	   -1.56	    1.06	  229.94	 1008.77	   21.52	   1.193	   537.1	   30.01	2.520E+5	   0.087
      27	   0.000	  -5.000	  0.1792	0.020704	-0.04685	-0.02112	0.016541	  0.1792	-0.048479	 0.00421	-0.06593	 0.01474	0.016542	0.048479	0.179247	 0.01210	-0.06862	 0.01474	    3.15	    6.01	   23.33	    2.10	   -1.08	    2.56	  229.88	 1008.81	   21.49	   1.193	   537.0	   30.01	2.520E+5	   0.087
      28	   0.000	  -4.000	  0.1816	0.019272	-0.03056	-0.01822	0.017093	  0.1816	-0.031828	 0.00352	-0.06362	 0.01161	0.017094	0.031828	0.181582	 0.00869	-0.06640	 0.01161	    3.22	    3.95	   23.65	    1.51	   -1.04	    2.02	  230.19	 1008.80	   21.45	   1.193	   537.7	   30.03	2.522E+5	   0.087
      29	   0.000	  -3.000	  0.1817	0.018704	-0.01603	-0.02112	0.017838	  0.1817	-0.016989	 0.00302	-0.06656	 0.00904	0.017839	0.016989	0.181745	 0.00578	-0.06946	 0.00904	    3.31	    2.11	   23.63	    1.00	   -1.10	    1.57	  229.75	 1008.81	   21.44	   1.193	   536.7	   30.00	2.520E+5	   0.087
      30	   0.000	  -2.000	  0.1803	0.018755	-0.00463	-0.02468	0.018580	  0.1803	-0.005286	 0.00256	-0.06975	 0.00671	0.018581	0.005286	0.180276	 0.00342	-0.07277	 0.00671	    3.40	    0.66	   23.47	    0.59	   -1.17	    1.17	  229.96	 1008.80	   21.41	   1.193	   537.2	   30.01	2.522E+5	   0.087
      31	   0.000	  -1.000	  0.1797	0.018796	 0.00618	-0.02407	0.018900	  0.1797	0.005851	 0.00205	-0.06901	 0.00438	0.018901	-0.005851	0.179737	 0.00110	-0.07208	 0.00438	    3.44	   -0.73	   23.39	    0.19	   -1.15	    0.76	  229.90	 1008.79	   21.39	   1.193	   537.1	   30.00	2.522E+5	   0.087
      32	   0.000	   0.000	  0.1801	0.019147	 0.01632	-0.02341	0.019146	  0.1801	0.016324	 0.00170	-0.06843	 0.00183	0.019147	-0.016324	0.180084	-0.00095	-0.07155	 0.00183	    3.47	   -2.03	   23.44	   -0.17	   -1.14	    0.32	  229.98	 1008.79	   21.38	   1.193	   537.2	   30.01	2.522E+5	   0.087
      33	   0.000	   1.000	  0.1797	0.018245	 0.02090	-0.02181	0.017877	  0.1797	0.021212	 0.00117	-0.06675	-0.00065	0.017878	-0.021212	0.179736	-0.00229	-0.06966	-0.00065	    3.31	   -2.63	   23.37	   -0.40	   -1.10	   -0.11	  229.73	 1008.81	   21.38	   1.193	   536.7	   29.99	2.521E+5	   0.087
      34	   0.000	   1.995	  0.1809	0.019109	 0.02831	-0.02102	0.018110	  0.1809	0.028961	 0.00065	-0.06624	-0.00381	0.018111	-0.028961	0.180882	-0.00406	-0.06919	-0.00381	    3.34	   -3.59	   23.52	   -0.70	   -1.09	   -0.66	  229.73	 1008.79	   21.34	   1.193	   536.7	   29.99	2.521E+5	   0.087
      35	   0.000	   3.005	  0.1812	0.019469	 0.04161	-0.01915	0.017260	  0.1812	0.042569	 0.00040	-0.06444	-0.00667	0.017261	-0.042569	0.181165	-0.00653	-0.06725	-0.00667	    3.23	   -5.27	   23.54	   -1.13	   -1.05	   -1.16	  229.61	 1008.77	   21.33	   1.193	   536.4	   29.98	2.521E+5	   0.087
      36	   0.000	   4.000	  0.1781	0.020427	 0.05768	-0.01891	0.016353	  0.1781	0.058961	-0.00069	-0.06343	-0.01024	0.016354	-0.058961	0.178096	-0.01028	-0.06609	-0.01024	    3.12	   -7.30	   23.15	   -1.78	   -1.03	   -1.78	  229.48	 1008.78	   21.32	   1.193	   536.1	   29.97	2.520E+5	   0.087
      37	   0.000	   5.005	  0.1792	0.021562	 0.07352	-0.01765	0.015064	  0.1792	0.075118	-0.00085	-0.06246	-0.01297	0.015066	-0.075118	0.179237	-0.01307	-0.06491	-0.01297	    2.97	   -9.32	   23.33	   -2.27	   -1.01	   -2.25	  229.91	 1008.77	   21.32	   1.193	   537.1	   30.00	2.522E+5	   0.087
      38	   0.000	   5.995	  0.1888	0.021895	 0.09044	-0.00839	0.012328	  0.1888	0.092233	-0.00195	-0.05559	-0.01631	0.012329	-0.092233	0.188802	-0.01696	-0.05759	-0.01631	    2.63	  -11.44	   24.52	   -2.95	   -0.86	   -2.83	  229.91	 1008.73	   21.28	   1.194	   537.1	   30.00	2.523E+5	   0.087
      39	   0.000	   7.000	  0.1920	0.023285	 0.10585	-0.00439	0.010210	  0.1920	0.107899	-0.00206	-0.05239	-0.01870	0.010211	-0.107899	0.192027	-0.01962	-0.05406	-0.01870	    2.36	  -13.39	   24.92	   -3.41	   -0.78	   -3.25	  229.91	 1008.74	   21.26	   1.194	   537.1	   30.00	2.523E+5	   0.087
      40	   0.000	   8.000	  0.1936	0.024974	 0.12137	-0.00105	0.007838	  0.1936	0.123666	-0.00225	-0.04945	-0.02097	0.007839	-0.123666	0.193564	-0.02237	-0.05072	-0.02097	    2.07	  -15.34	   25.10	   -3.88	   -0.72	   -3.64	  229.81	 1008.75	   21.26	   1.194	   536.8	   29.99	2.522E+5	   0.087
      41	   0.000	   8.995	  0.1959	0.027271	 0.13535	 0.00265	0.005773	  0.1959	0.137951	-0.00190	-0.04633	-0.02265	0.005774	-0.137951	0.195906	-0.02434	-0.04727	-0.02265	    1.81	  -17.10	   25.38	   -4.22	   -0.65	   -3.93	  229.74	 1008.77	   21.24	   1.194	   536.7	   29.99	2.522E+5	   0.087
      42	   0.000	  10.000	  0.1975	0.029977	 0.14762	 0.00395	0.003886	  0.1975	0.150587	-0.00126	-0.04543	-0.02374	0.003887	-0.150587	0.197532	-0.02576	-0.04607	-0.02374	    1.58	  -18.68	   25.60	   -4.47	   -0.62	   -4.12	  229.94	 1008.75	   21.24	   1.194	   537.1	   30.00	2.523E+5	   0.087
