  Run_nr	   Alpha	    Beta	      CL	      CD	    Cyaw	 Cm_p_qc	      Ct	      Cn	   Cside	 Cm_roll	Cm_pitch	  Cm_yaw	      Cx	      Cy	      Cz	    Cm_x	    Cm_y	    Cm_z	      Fx	      Fy	      Fz	      Mx	      My	      Mz	     DPb	    Pbar	       T	     Rho	       Q	       V	      Re	       M
       /	 degrees	 degrees	       /	       /	       /	       /	       /	       /	       /	       /	       /	       /	       /	       /	       /	       /	       /	       /	       N	       N	       N	      Nm	      Nm	      Nm	      Pa	      Pa	 degr. C	  kg/m^3	      Pa	     m/s	       /	       /
       1	   4.995	 -10.000	  0.7078	0.069346	-0.06682	 0.10117	-0.005155	  0.7101	-0.077851	-0.00017	-0.07634	 0.00515	0.056689	0.077851	0.707803	 0.01295	-0.08556	 0.00518	   14.17	   17.20	  159.08	    4.00	   -2.72	    1.60	  408.10	 1008.79	   20.94	   1.195	   956.3	   40.01	3.371E+5	   0.116
       2	   4.995	  -9.000	  0.7040	0.060188	-0.10241	 0.13114	-0.018040	  0.7052	-0.110569	 0.00297	-0.04515	 0.01800	0.043426	0.110569	0.704044	 0.02253	-0.05221	 0.01780	   11.23	   24.40	  158.11	    6.96	   -1.51	    5.50	  407.74	 1008.79	   21.00	   1.195	   955.4	   39.99	3.369E+5	   0.116
       3	   4.995	  -8.000	  0.6980	0.057919	-0.09015	 0.13328	-0.016137	  0.6993	-0.097338	 0.00293	-0.04153	 0.01663	0.044808	0.097338	0.698005	 0.02021	-0.04882	 0.01644	   11.54	   21.49	  156.85	    6.25	   -1.38	    5.08	  407.92	 1008.77	   21.05	   1.195	   955.9	   40.01	3.369E+5	   0.116
       4	   4.995	  -7.000	  0.6966	0.056478	-0.07646	 0.13100	-0.014096	  0.6981	-0.082775	 0.00286	-0.04352	 0.01466	0.046738	0.082775	0.696649	 0.01760	-0.05112	 0.01446	   11.96	   18.26	  156.43	    5.44	   -1.47	    4.47	  407.63	 1008.81	   21.08	   1.194	   955.2	   39.99	3.367E+5	   0.116
       5	   4.995	  -6.000	  0.6926	0.055404	-0.06122	 0.12784	-0.011786	  0.6942	-0.066678	 0.00251	-0.04571	 0.01213	0.048701	0.066678	0.692576	 0.01441	-0.05363	 0.01196	   12.40	   14.72	  155.59	    4.45	   -1.56	    3.69	  407.77	 1008.79	   21.11	   1.194	   955.5	   40.00	3.367E+5	   0.116
       6	   4.995	  -5.000	  0.6908	0.054159	-0.04636	 0.12862	-0.010422	  0.6925	-0.050907	 0.00237	-0.04451	 0.00971	0.049913	0.050907	0.690773	 0.01150	-0.05263	 0.00954	   12.67	   11.24	  155.19	    3.55	   -1.52	    2.95	  407.77	 1008.78	   21.14	   1.194	   955.5	   40.00	3.367E+5	   0.116
       7	   4.995	  -4.000	  0.6912	0.052887	-0.03343	 0.13091	-0.009945	  0.6929	-0.037035	 0.00174	-0.04233	 0.00713	0.050427	0.037035	0.691174	 0.00838	-0.05053	 0.00700	   12.78	    8.18	  155.30	    2.59	   -1.45	    2.16	  407.82	 1008.76	   21.14	   1.194	   955.6	   40.01	3.367E+5	   0.116
       8	   4.995	  -3.000	  0.6908	0.052304	-0.02024	 0.12983	-0.009165	  0.6926	-0.022951	 0.00112	-0.04332	 0.00479	0.051173	0.022951	0.690752	 0.00527	-0.05164	 0.00471	   12.94	    5.06	  155.16	    1.63	   -1.49	    1.46	  407.69	 1008.78	   21.20	   1.194	   955.3	   40.00	3.366E+5	   0.116
       9	   4.995	  -2.000	  0.6895	0.052158	-0.00863	 0.12856	-0.008403	  0.6914	-0.010442	 0.00083	-0.04428	 0.00294	0.051825	0.010442	0.689461	 0.00278	-0.05271	 0.00288	   13.09	    2.30	  154.88	    0.86	   -1.52	    0.89	  407.70	 1008.79	   21.21	   1.194	   955.3	   40.00	3.366E+5	   0.116
      10	   4.995	  -1.000	  0.6882	0.051899	 0.00078	 0.12961	-0.008214	  0.6901	-0.000125	 0.00047	-0.04291	 0.00116	0.051905	0.000125	0.688208	 0.00059	-0.05136	 0.00112	   13.12	    0.03	  154.77	    0.18	   -1.48	    0.35	  408.14	 1008.77	   21.24	   1.194	   956.4	   40.03	3.367E+5	   0.116
      11	   4.995	   0.000	  0.6872	0.051850	 0.00769	 0.12978	-0.008180	  0.6891	0.007694	 0.00000	-0.04249	-0.00080	0.051850	-0.007694	0.687188	-0.00132	-0.05093	-0.00080	   13.08	   -1.70	  154.26	   -0.41	   -1.46	   -0.25	  407.40	 1008.80	   21.24	   1.194	   954.6	   39.99	3.364E+5	   0.116
      12	   4.995	   1.000	  0.6871	0.050946	 0.01389	 0.13060	-0.009325	  0.6889	0.014779	-0.00041	-0.04164	-0.00280	0.050696	-0.014779	0.687134	-0.00306	-0.04989	-0.00277	   12.83	   -3.26	  154.24	   -0.94	   -1.42	   -0.86	  407.39	 1008.75	   21.24	   1.194	   954.6	   39.99	3.364E+5	   0.116
      13	   4.995	   1.995	  0.6893	0.051303	 0.01666	 0.13103	-0.009518	  0.6911	0.018436	-0.00114	-0.04175	-0.00510	0.050692	-0.018436	0.689306	-0.00458	-0.05000	-0.00502	   12.83	   -4.07	  154.74	   -1.41	   -1.43	   -1.55	  407.45	 1008.77	   21.26	   1.194	   954.7	   40.00	3.364E+5	   0.116
      14	   4.995	   3.005	  0.6904	0.051777	 0.02726	 0.13165	-0.010024	  0.6921	0.029935	-0.00142	-0.04138	-0.00732	0.050277	-0.029935	0.690363	-0.00692	-0.04956	-0.00723	   12.74	   -6.60	  155.01	   -2.14	   -1.41	   -2.23	  407.54	 1008.73	   21.26	   1.194	   955.0	   40.00	3.364E+5	   0.116
      15	   4.995	   4.000	  0.6881	0.052576	 0.04175	 0.13155	-0.010565	  0.6898	0.045313	-0.00257	-0.04090	-0.01048	0.049536	-0.045313	0.688098	-0.01085	-0.04896	-0.01029	   12.57	   -9.99	  154.42	   -3.35	   -1.39	   -3.18	  407.29	 1008.75	   21.26	   1.194	   954.4	   39.99	3.363E+5	   0.116
      16	   4.995	   5.005	  0.6872	0.053511	 0.05515	 0.13187	-0.011526	  0.6888	0.059609	-0.00271	-0.04034	-0.01261	0.048496	-0.059609	0.687237	-0.01350	-0.04823	-0.01242	   12.34	  -13.15	  154.27	   -4.17	   -1.36	   -3.83	  407.41	 1008.76	   21.27	   1.194	   954.7	   40.00	3.364E+5	   0.116
      17	   4.995	   5.995	  0.6919	0.053543	 0.06866	 0.13798	-0.014335	  0.6932	0.073873	-0.00303	-0.03533	-0.01479	0.046080	-0.073873	0.691860	-0.01633	-0.04283	-0.01458	   11.81	  -16.29	  155.25	   -5.04	   -1.16	   -4.50	  407.30	 1008.81	   21.28	   1.194	   954.4	   39.99	3.363E+5	   0.116
      18	   4.995	   7.000	  0.6953	0.054108	 0.08219	 0.14196	-0.017014	  0.6964	0.088167	-0.00339	-0.03215	-0.01717	0.043689	-0.088167	0.695268	-0.01923	-0.03926	-0.01694	   11.29	  -19.46	  156.14	   -5.94	   -1.03	   -5.23	  407.67	 1008.80	   21.30	   1.194	   955.3	   40.01	3.364E+5	   0.116
      19	   4.995	   8.000	  0.7006	0.056133	 0.09468	 0.14117	-0.018756	  0.7017	0.101574	-0.00325	-0.03425	-0.01838	0.042409	-0.101574	0.700639	-0.02137	-0.04115	-0.01817	   11.00	  -22.39	  157.18	   -6.60	   -1.10	   -5.61	  407.28	 1008.81	   21.32	   1.193	   954.3	   39.99	3.362E+5	   0.116
      20	   4.995	   8.995	  0.7047	0.058373	 0.10646	 0.14097	-0.020500	  0.7056	0.114277	-0.00291	-0.03542	-0.01942	0.041011	-0.114277	0.704666	-0.02320	-0.04209	-0.01924	   10.69	  -25.20	  158.12	   -7.16	   -1.14	   -5.94	  407.41	 1008.82	   21.32	   1.193	   954.7	   40.00	3.363E+5	   0.116
      21	   4.995	  10.000	  0.7071	0.062363	 0.10984	 0.13409	-0.019384	  0.7081	0.118998	-0.00163	-0.04294	-0.01787	0.042342	-0.118998	0.707082	-0.02256	-0.04982	-0.01779	   10.98	  -26.23	  158.58	   -6.96	   -1.42	   -5.49	  407.23	 1008.82	   21.34	   1.193	   954.2	   39.99	3.362E+5	   0.116
      22	   4.995	 -10.000	  0.7177	0.078639	-0.02236	 0.05876	0.010788	  0.7214	-0.035677	-0.00182	-0.12159	-0.00863	0.073561	0.035677	0.717748	 0.00323	-0.13356	-0.00850	    4.47	    1.97	   40.32	    0.25	   -1.12	   -0.66	  102.48	 1008.80	   20.94	   1.195	   239.1	   20.00	1.686E+5	   0.058
      23	   4.995	  -9.000	  0.7135	0.075154	-0.01337	 0.06834	0.009741	  0.7170	-0.024964	-0.00172	-0.11092	-0.00913	0.072137	0.024964	0.713469	 0.00155	-0.12266	-0.00902	    4.41	    1.38	   40.17	    0.12	   -1.02	   -0.70	  102.69	 1008.72	   20.90	   1.195	   239.6	   20.02	1.688E+5	   0.058
      24	   4.995	  -8.000	  0.7111	0.072682	-0.00634	 0.07812	0.008910	  0.7146	-0.016395	-0.00077	-0.10052	-0.00934	0.071092	0.016395	0.711064	 0.00108	-0.11208	-0.00931	    4.34	    0.91	   40.00	    0.08	   -0.92	   -0.72	  102.61	 1008.74	   20.88	   1.195	   239.4	   20.01	1.687E+5	   0.058
      25	   4.995	  -7.000	  0.7057	0.070562	-0.00178	 0.08836	0.008110	  0.7091	-0.010367	 0.00035	-0.08891	-0.00880	0.069819	0.010367	0.705685	 0.00126	-0.10027	-0.00886	    4.27	    0.57	   39.62	    0.10	   -0.81	   -0.68	  102.40	 1008.69	   20.84	   1.195	   238.9	   19.99	1.686E+5	   0.058
      26	   4.995	  -6.000	  0.7039	0.067936	-0.00334	 0.10138	0.005669	  0.7071	-0.010419	 0.00191	-0.07540	-0.00663	0.067216	0.010419	0.703928	 0.00301	-0.08634	-0.00682	    4.11	    0.57	   39.40	    0.23	   -0.69	   -0.53	  102.07	 1008.71	   20.81	   1.195	   238.1	   19.96	1.683E+5	   0.058
      27	   4.995	  -5.000	  0.6985	0.063398	-0.01126	 0.12116	0.001124	  0.7012	-0.016745	 0.00407	-0.05414	-0.00256	0.062175	0.016745	0.698454	 0.00655	-0.06426	-0.00292	    3.86	    0.93	   39.36	    0.51	   -0.49	   -0.23	  102.76	 1008.72	   20.78	   1.196	   239.7	   20.03	1.689E+5	   0.058
      28	   4.995	  -4.000	  0.6980	0.057888	-0.04101	 0.13611	-0.006098	  0.7001	-0.044946	 0.00503	-0.03893	 0.00763	0.054886	0.044946	0.698013	 0.01299	-0.04786	 0.00722	    3.46	    2.49	   39.36	    1.01	   -0.34	    0.56	  102.83	 1008.70	   20.76	   1.196	   239.9	   20.03	1.690E+5	   0.058
      29	   4.995	  -3.000	  0.7029	0.057943	-0.03027	 0.12901	-0.005139	  0.7052	-0.033260	 0.00378	-0.04728	 0.00527	0.056279	0.033260	0.702935	 0.00964	-0.05644	 0.00496	    3.50	    1.83	   39.30	    0.74	   -0.41	    0.38	  101.96	 1008.72	   20.75	   1.196	   237.9	   19.95	1.683E+5	   0.058
      30	   4.995	  -2.000	  0.7012	0.058120	-0.01907	 0.12421	-0.003853	  0.7035	-0.021092	 0.00344	-0.05167	 0.00329	0.057419	0.021092	0.701210	 0.00715	-0.06101	 0.00300	    3.58	    1.16	   39.39	    0.55	   -0.46	    0.23	  102.43	 1008.74	   20.74	   1.196	   239.0	   19.99	1.687E+5	   0.058
      31	   4.995	  -1.000	  0.7041	0.057680	-0.00795	 0.12704	-0.003995	  0.7065	-0.008956	 0.00326	-0.04958	 0.00141	0.057532	0.008956	0.704132	 0.00483	-0.05894	 0.00113	    3.59	    0.50	   39.62	    0.37	   -0.44	    0.09	  102.62	 1008.68	   20.72	   1.196	   239.4	   20.01	1.688E+5	   0.058
      32	   4.995	   0.000	  0.7010	0.057171	 0.00105	 0.12784	-0.004086	  0.7034	0.001048	 0.00330	-0.04800	-0.00076	0.057171	-0.001048	0.701039	 0.00305	-0.05730	-0.00105	    3.58	   -0.06	   39.49	    0.24	   -0.42	   -0.08	  102.73	 1008.68	   20.70	   1.196	   239.7	   20.02	1.689E+5	   0.058
      33	   4.995	   1.000	  0.7011	0.057256	 0.00817	 0.12863	-0.004157	  0.7034	0.009170	 0.00311	-0.04722	-0.00294	0.057104	-0.009170	0.701101	 0.00135	-0.05651	-0.00323	    3.58	   -0.51	   39.58	    0.10	   -0.42	   -0.25	  102.94	 1008.71	   20.68	   1.196	   240.2	   20.04	1.691E+5	   0.058
      34	   4.995	   1.995	  0.7029	0.057234	 0.01203	 0.12900	-0.004637	  0.7052	0.014014	 0.00282	-0.04730	-0.00537	0.056781	-0.014014	0.702911	 0.00006	-0.05653	-0.00564	    3.55	   -0.77	   39.48	    0.00	   -0.42	   -0.44	  102.42	 1008.71	   20.66	   1.196	   238.9	   19.99	1.687E+5	   0.058
      35	   4.995	   3.005	  0.7025	0.056939	 0.01988	 0.13169	-0.005560	  0.7047	0.022834	 0.00226	-0.04448	-0.00789	0.055819	-0.022834	0.702508	-0.00215	-0.05356	-0.00812	    3.48	   -1.25	   39.28	   -0.17	   -0.39	   -0.62	  101.98	 1008.71	   20.65	   1.196	   237.9	   19.95	1.684E+5	   0.058
      36	   4.995	   4.000	  0.6996	0.057831	 0.03196	 0.13076	-0.005666	  0.7018	0.035913	 0.00209	-0.04469	-0.00990	0.055460	-0.035913	0.699626	-0.00463	-0.05371	-0.01013	    3.48	   -1.99	   39.38	   -0.36	   -0.39	   -0.78	  102.63	 1008.70	   20.63	   1.196	   239.4	   20.01	1.689E+5	   0.058
      37	   4.995	   5.005	  0.6997	0.064060	-0.00142	 0.11185	0.002776	  0.7026	0.004175	 0.00536	-0.06379	 0.00192	0.063940	-0.004175	0.699678	 0.00483	-0.07420	 0.00146	    3.94	   -0.23	   39.30	    0.37	   -0.58	    0.11	  102.43	 1008.68	   20.62	   1.196	   238.9	   19.99	1.687E+5	   0.058
      38	   4.995	   5.995	  0.7069	0.065885	-0.01026	 0.10946	0.004794	  0.7100	-0.003321	 0.00650	-0.06804	 0.00578	0.066596	0.003321	0.706901	 0.00752	-0.07888	 0.00523	    4.09	    0.18	   39.70	    0.58	   -0.62	    0.40	  102.42	 1008.69	   20.59	   1.196	   238.9	   19.99	1.688E+5	   0.058
      39	   4.995	   7.000	  0.7111	0.068442	-0.00602	 0.10139	0.006495	  0.7143	0.002361	 0.00733	-0.07719	 0.00664	0.068666	-0.002361	0.711050	 0.00750	-0.08836	 0.00602	    4.20	   -0.13	   39.92	    0.58	   -0.71	    0.47	  102.41	 1008.69	   20.58	   1.196	   238.9	   19.99	1.688E+5	   0.058
      40	   4.995	   8.000	  0.7132	0.070771	 0.00164	 0.09617	0.007493	  0.7165	0.011472	 0.00804	-0.08297	 0.00631	0.069854	-0.011472	0.713172	 0.00669	-0.09434	 0.00563	    4.27	   -0.63	   40.08	    0.52	   -0.76	    0.44	  102.53	 1008.68	   20.58	   1.196	   239.2	   20.00	1.689E+5	   0.058
      41	   4.995	   8.995	  0.7144	0.072831	 0.00922	 0.09244	0.008026	  0.7178	0.020492	 0.00863	-0.08701	 0.00602	0.070494	-0.020492	0.714374	 0.00579	-0.09848	 0.00529	    4.31	   -1.13	   40.16	    0.45	   -0.80	    0.41	  102.55	 1008.69	   20.57	   1.196	   239.2	   20.00	1.689E+5	   0.058
      42	   4.995	  10.000	  0.7152	0.075190	 0.01782	 0.08837	0.008414	  0.7186	0.030610	 0.00921	-0.09128	 0.00556	0.070953	-0.030610	0.715163	 0.00468	-0.10283	 0.00478	    4.33	   -1.69	   40.21	    0.36	   -0.84	    0.37	  102.56	 1008.70	   20.56	   1.196	   239.3	   20.00	1.689E+5	   0.058
      43	   4.995	 -10.000	  0.7083	0.074838	-0.03918	 0.08295	0.004970	  0.7114	-0.051585	-0.00158	-0.09491	-0.00312	0.066897	0.051585	0.708313	 0.00655	-0.10579	-0.00300	    9.25	    6.41	   89.60	    1.14	   -1.95	   -0.52	  230.41	 1008.69	   20.70	   1.196	   538.2	   30.00	2.532E+5	   0.087
      44	   4.995	  -9.000	  0.7044	0.071852	-0.02501	 0.08783	0.005469	  0.7076	-0.035942	-0.00154	-0.08906	-0.00493	0.067055	0.035942	0.704387	 0.00388	-0.09997	-0.00481	    9.26	    4.47	   89.08	    0.67	   -1.83	   -0.84	  230.32	 1008.69	   20.70	   1.196	   538.0	   30.00	2.531E+5	   0.087
      45	   4.995	  -8.000	  0.7007	0.069085	-0.01540	 0.09515	0.005010	  0.7038	-0.024862	-0.00097	-0.08080	-0.00560	0.066270	0.024862	0.700682	 0.00259	-0.09158	-0.00554	    9.17	    3.09	   88.63	    0.45	   -1.66	   -0.96	  230.35	 1008.68	   20.71	   1.196	   538.1	   30.00	2.531E+5	   0.087
      46	   4.995	  -7.000	  0.7005	0.066149	-0.01412	 0.10176	0.002702	  0.7034	-0.022071	-0.00006	-0.07409	-0.00409	0.063935	0.022071	0.700481	 0.00317	-0.08449	-0.00410	    8.87	    2.74	   88.54	    0.55	   -1.51	   -0.71	  230.19	 1008.68	   20.72	   1.196	   537.7	   29.99	2.530E+5	   0.087
      47	   4.995	  -6.000	  0.6957	0.061466	-0.02903	 0.11273	-0.002702	  0.6981	-0.035293	 0.00045	-0.06180	 0.00215	0.058095	0.035293	0.695723	 0.00638	-0.07125	 0.00212	    8.14	    4.38	   87.95	    1.11	   -1.24	    0.37	  230.19	 1008.72	   20.72	   1.196	   537.7	   29.99	2.530E+5	   0.087
      48	   4.995	  -5.000	  0.6912	0.056206	-0.05150	 0.12997	-0.008874	  0.6931	-0.056205	 0.00289	-0.04329	 0.01019	0.051503	0.056205	0.691194	 0.01292	-0.05167	 0.00998	    7.34	    6.99	   87.52	    2.25	   -0.84	    1.74	  230.53	 1008.70	   20.72	   1.196	   538.5	   30.01	2.532E+5	   0.087
      49	   4.995	  -4.000	  0.6923	0.054487	-0.03754	 0.13364	-0.008742	  0.6942	-0.041254	 0.00264	-0.03991	 0.00778	0.051736	0.041254	0.692339	 0.01003	-0.04833	 0.00758	    7.37	    5.13	   87.68	    1.75	   -0.77	    1.32	  230.58	 1008.77	   20.72	   1.196	   538.6	   30.01	2.533E+5	   0.087
      50	   4.995	  -3.000	  0.6936	0.054336	-0.02510	 0.13119	-0.007644	  0.6956	-0.027908	 0.00199	-0.04271	 0.00539	0.052948	0.027908	0.693602	 0.00699	-0.05132	 0.00524	    7.52	    3.47	   87.88	    1.22	   -0.83	    0.91	  230.70	 1008.69	   20.73	   1.196	   538.9	   30.02	2.533E+5	   0.087
      51	   4.995	  -2.000	  0.6914	0.054252	-0.01329	 0.12767	-0.006648	  0.6934	-0.015171	 0.00168	-0.04569	 0.00339	0.053756	0.015171	0.691393	 0.00444	-0.05443	 0.00325	    7.62	    1.89	   87.56	    0.77	   -0.90	    0.57	  230.59	 1008.72	   20.73	   1.196	   538.7	   30.02	2.532E+5	   0.087
      52	   4.995	  -1.000	  0.6918	0.054020	-0.00227	 0.12958	-0.006467	  0.6939	-0.003217	 0.00133	-0.04389	 0.00154	0.053973	0.003217	0.691795	 0.00198	-0.05267	 0.00143	    7.63	    0.40	   87.47	    0.35	   -0.86	    0.25	  230.20	 1008.74	   20.74	   1.196	   537.8	   29.99	2.530E+5	   0.087
      53	   4.995	   0.000	  0.6907	0.053720	 0.00617	 0.13009	-0.006627	  0.6928	0.006166	 0.00106	-0.04311	-0.00059	0.053720	-0.006166	0.690750	 0.00000	-0.05185	-0.00069	    7.60	   -0.77	   87.34	    0.00	   -0.84	   -0.12	  230.20	 1008.76	   20.74	   1.196	   537.7	   29.99	2.530E+5	   0.087
      54	   4.995	   1.000	  0.6904	0.053259	 0.01119	 0.13015	-0.007259	  0.6924	0.012118	 0.00054	-0.04295	-0.00290	0.053055	-0.012118	0.690398	-0.00168	-0.05158	-0.00296	    7.53	   -1.51	   87.41	   -0.29	   -0.84	   -0.52	  230.50	 1008.79	   20.74	   1.196	   538.4	   30.01	2.532E+5	   0.087
      55	   4.995	   1.995	  0.6929	0.053520	 0.01649	 0.13075	-0.007617	  0.6949	0.018340	 0.00000	-0.04297	-0.00532	0.052914	-0.018340	0.692895	-0.00345	-0.05157	-0.00534	    7.50	   -2.28	   87.64	   -0.60	   -0.84	   -0.93	  230.29	 1008.78	   20.74	   1.196	   538.0	   30.00	2.531E+5	   0.087
      56	   4.995	   3.005	  0.6945	0.053635	 0.02655	 0.13258	-0.008495	  0.6964	0.029330	-0.00027	-0.04151	-0.00758	0.052169	-0.029330	0.694456	-0.00570	-0.04999	-0.00759	    7.41	   -3.64	   87.82	   -0.99	   -0.80	   -1.32	  230.25	 1008.70	   20.74	   1.196	   537.9	   29.99	2.530E+5	   0.087
      57	   4.995	   4.000	  0.6903	0.054482	 0.04128	 0.13222	-0.008833	  0.6922	0.044976	-0.00121	-0.04083	-0.01067	0.051470	-0.044976	0.690349	-0.00946	-0.04920	-0.01061	    7.31	   -5.58	   87.13	   -1.64	   -0.78	   -1.84	  229.79	 1008.75	   20.74	   1.196	   536.8	   29.96	2.528E+5	   0.087
      58	   4.995	   5.005	  0.6897	0.055217	 0.05381	 0.13311	-0.009930	  0.6914	0.058423	-0.00138	-0.03975	-0.01284	0.050312	-0.058423	0.689678	-0.01200	-0.04794	-0.01277	    7.18	   -7.26	   87.19	   -2.09	   -0.76	   -2.22	  230.16	 1008.76	   20.74	   1.196	   537.6	   29.99	2.530E+5	   0.087
      59	   4.995	   5.995	  0.6953	0.055106	 0.06862	 0.14049	-0.013082	  0.6968	0.073996	-0.00172	-0.03371	-0.01537	0.047638	-0.073996	0.695289	-0.01510	-0.04146	-0.01528	    6.85	   -9.20	   87.95	   -2.63	   -0.63	   -2.66	  230.34	 1008.75	   20.74	   1.196	   538.1	   30.00	2.531E+5	   0.087
      60	   4.995	   7.005	  0.6971	0.055847	 0.08213	 0.14357	-0.015455	  0.6984	0.088331	-0.00191	-0.03103	-0.01772	0.045413	-0.088331	0.697095	-0.01783	-0.03842	-0.01762	    6.57	  -10.98	   88.15	   -3.10	   -0.57	   -3.07	  230.27	 1008.77	   20.73	   1.196	   537.9	   29.99	2.531E+5	   0.087
      61	   4.995	   7.995	  0.7015	0.057554	 0.09756	 0.14380	-0.017818	  0.7026	0.104615	-0.00189	-0.03185	-0.01978	0.043426	-0.104615	0.701491	-0.02064	-0.03892	-0.01969	    6.32	  -12.99	   88.65	   -3.59	   -0.58	   -3.42	  230.14	 1008.79	   20.74	   1.196	   537.6	   29.99	2.530E+5	   0.087
      62	   4.995	   9.000	  0.7047	0.059696	 0.11056	 0.14517	-0.019854	  0.7057	0.118539	-0.00168	-0.03125	-0.02129	0.041666	-0.118539	0.704740	-0.02282	-0.03803	-0.02122	    6.11	  -14.74	   89.19	   -3.97	   -0.56	   -3.70	  230.50	 1008.80	   20.74	   1.196	   538.4	   30.01	2.532E+5	   0.087
      63	   4.995	  10.000	  0.7060	0.062014	 0.12304	 0.14615	-0.021920	  0.7068	0.131940	-0.00132	-0.03055	-0.02252	0.039706	-0.131940	0.706042	-0.02475	-0.03701	-0.02249	    5.87	  -16.42	   89.40	   -4.31	   -0.54	   -3.92	  230.62	 1008.81	   20.75	   1.196	   538.7	   30.02	2.533E+5	   0.087
      64	   4.995	  -9.995	  0.7104	0.062246	-0.10193	 0.12514	-0.018411	  0.7115	-0.111183	 0.00155	-0.05274	 0.01515	0.043611	0.111183	0.710429	 0.02096	-0.05984	 0.01508	   17.60	   38.30	  248.97	   10.11	   -2.79	    7.27	  633.68	 1008.78	   21.45	   1.193	  1491.2	   50.00	4.201E+5	   0.145
      65	   4.995	  -8.995	  0.7071	0.059485	-0.09394	 0.12841	-0.017665	  0.7082	-0.102083	 0.00211	-0.04864	 0.01535	0.044066	0.102083	0.707066	 0.02005	-0.05581	 0.01522	   17.75	   35.16	  247.81	    9.67	   -2.56	    7.34	  633.68	 1008.75	   21.53	   1.193	  1491.2	   50.01	4.199E+5	   0.145
      66	   4.995	  -8.000	  0.7000	0.056945	-0.08284	 0.13149	-0.016259	  0.7013	-0.089962	 0.00229	-0.04383	 0.01467	0.044861	0.089962	0.700004	 0.01821	-0.05113	 0.01453	   18.03	   31.00	  245.42	    8.78	   -2.29	    7.01	  633.80	 1008.73	   21.58	   1.192	  1491.5	   50.02	4.199E+5	   0.145
      67	   4.995	  -7.000	  0.6964	0.055530	-0.07147	 0.12970	-0.014406	  0.6978	-0.077706	 0.00223	-0.04475	 0.01325	0.046406	0.077706	0.696407	 0.01602	-0.05230	 0.01310	   18.56	   26.76	  244.09	    7.73	   -2.36	    6.32	  633.57	 1008.72	   21.64	   1.192	  1490.9	   50.01	4.197E+5	   0.145
      68	   4.995	  -6.000	  0.6915	0.054477	-0.05752	 0.12641	-0.012229	  0.6931	-0.062899	 0.00202	-0.04687	 0.01101	0.048166	0.062899	0.691546	 0.01321	-0.05470	 0.01088	   19.16	   21.66	  242.35	    6.37	   -2.49	    5.24	  633.40	 1008.71	   21.70	   1.192	  1490.5	   50.01	4.195E+5	   0.145
      69	   4.995	  -5.000	  0.6929	0.052993	-0.04334	 0.12794	-0.011502	  0.6945	-0.047797	 0.00157	-0.04569	 0.00865	0.049014	0.047797	0.692883	 0.01010	-0.05367	 0.00854	   19.43	   16.44	  242.56	    4.86	   -2.43	    4.11	  632.73	 1008.67	   21.84	   1.191	  1488.9	   50.00	4.190E+5	   0.145
      70	   4.995	  -4.000	  0.6933	0.051779	-0.03002	 0.12984	-0.010993	  0.6950	-0.033560	 0.00119	-0.04389	 0.00659	0.049558	0.033560	0.693269	 0.00722	-0.05196	 0.00651	   19.62	   11.54	  242.73	    3.48	   -2.33	    3.13	  632.83	 1008.66	   21.91	   1.191	  1489.2	   50.01	4.189E+5	   0.145
      71	   4.995	  -3.000	  0.6920	0.051343	-0.01840	 0.12916	-0.010135	  0.6938	-0.021060	 0.00063	-0.04428	 0.00447	0.050310	0.021060	0.692021	 0.00444	-0.05247	 0.00443	   19.88	    7.25	  242.39	    2.14	   -2.36	    2.14	  633.08	 1008.65	   21.96	   1.191	  1489.8	   50.02	4.189E+5	   0.145
      72	   4.995	  -2.000	  0.6909	0.050854	-0.00565	 0.12861	-0.009727	  0.6927	-0.007418	 0.00038	-0.04457	 0.00254	0.050625	0.007418	0.690941	 0.00180	-0.05281	 0.00252	   19.97	    2.55	  241.73	    0.87	   -2.38	    1.21	  632.32	 1008.65	   22.01	   1.190	  1488.0	   50.00	4.186E+5	   0.145
      73	   4.995	  -0.995	  0.6908	0.049902	 0.00166	 0.13030	-0.010414	  0.6925	0.000790	-0.00012	-0.04282	 0.00089	0.049923	-0.000790	0.690794	-0.00017	-0.05095	 0.00091	   19.73	   -0.27	  241.71	   -0.08	   -2.28	    0.44	  632.41	 1008.65	   22.03	   1.190	  1488.2	   50.00	4.186E+5	   0.145
      74	   4.995	   0.000	  0.6895	0.049810	 0.00847	 0.13073	-0.010412	  0.6912	0.008471	-0.00061	-0.04207	-0.00095	0.049810	-0.008471	0.689469	-0.00207	-0.05017	-0.00090	   19.69	   -2.91	  241.30	   -1.00	   -2.23	   -0.43	  632.53	 1008.65	   22.06	   1.190	  1488.5	   50.01	4.185E+5	   0.145
      75	   4.995	   1.000	  0.6889	0.049857	 0.01531	 0.13051	-0.010589	  0.6906	0.016181	-0.00100	-0.04214	-0.00292	0.049582	-0.016181	0.688901	-0.00388	-0.05021	-0.00285	   19.60	   -5.56	  240.91	   -1.87	   -2.23	   -1.37	  632.00	 1008.66	   22.09	   1.190	  1487.2	   49.99	4.183E+5	   0.145
      76	   4.995	   1.995	  0.6905	0.050258	 0.01842	 0.13083	-0.010728	  0.6922	0.020162	-0.00179	-0.04223	-0.00509	0.049586	-0.020162	0.690541	-0.00551	-0.05029	-0.00495	   19.60	   -6.93	  241.48	   -2.65	   -2.24	   -2.38	  632.04	 1008.63	   22.10	   1.190	  1487.3	   49.99	4.183E+5	   0.145
      77	   4.995	   3.005	  0.6918	0.050783	 0.02820	 0.13138	-0.011183	  0.6934	0.030823	-0.00211	-0.04198	-0.00724	0.049235	-0.030823	0.691762	-0.00775	-0.04999	-0.00708	   19.48	  -10.59	  241.92	   -3.73	   -2.22	   -3.41	  632.08	 1008.64	   22.12	   1.190	  1487.4	   50.00	4.183E+5	   0.145
      78	   4.995	   4.000	  0.6908	0.051613	 0.04149	 0.13105	-0.011735	  0.6924	0.044986	-0.00297	-0.04204	-0.00996	0.048593	-0.044986	0.690751	-0.01115	-0.04995	-0.00974	   19.26	  -15.45	  241.51	   -5.36	   -2.22	   -4.68	  631.91	 1008.65	   22.15	   1.190	  1487.0	   49.99	4.182E+5	   0.145
      79	   4.995	   5.005	  0.6895	0.052591	 0.05500	 0.13180	-0.012623	  0.6910	0.059379	-0.00341	-0.04096	-0.01234	0.047592	-0.059379	0.689501	-0.01415	-0.04870	-0.01209	   18.91	  -20.39	  241.00	   -6.80	   -2.15	   -5.81	  631.72	 1008.65	   22.18	   1.190	  1486.5	   49.99	4.181E+5	   0.145
      80	   4.995	   5.995	  0.6932	0.052511	 0.06606	 0.13653	-0.015208	  0.6946	0.071182	-0.00384	-0.03711	-0.01406	0.045324	-0.071182	0.693238	-0.01664	-0.04449	-0.01378	   18.13	  -24.44	  242.26	   -8.00	   -1.91	   -6.63	  631.65	 1008.64	   22.20	   1.190	  1486.4	   49.99	4.180E+5	   0.145
      81	   4.995	   7.005	  0.6974	0.053266	 0.07829	 0.14024	-0.017563	  0.6985	0.084205	-0.00393	-0.03439	-0.01575	0.043320	-0.084205	0.697363	-0.01899	-0.04143	-0.01547	   17.44	  -28.91	  243.69	   -9.13	   -1.73	   -7.43	  631.69	 1008.63	   22.22	   1.190	  1486.5	   49.99	4.180E+5	   0.145
      82	   4.995	   7.995	  0.7030	0.055475	 0.08749	 0.13836	-0.018607	  0.7041	0.094359	-0.00361	-0.03766	-0.01611	0.042767	-0.094359	0.703022	-0.02036	-0.04462	-0.01585	   17.25	  -32.41	  245.67	   -9.79	   -1.91	   -7.62	  631.78	 1008.61	   22.24	   1.189	  1486.7	   50.00	4.180E+5	   0.145
      83	   4.995	   9.005	  0.7079	0.058784	 0.09569	 0.13372	-0.018715	  0.7089	0.103714	-0.00283	-0.04351	-0.01599	0.043082	-0.103714	0.707853	-0.02110	-0.05052	-0.01580	   17.37	  -35.63	  247.42	  -10.15	   -2.25	   -7.60	  632.01	 1008.63	   22.28	   1.189	  1487.2	   50.01	4.180E+5	   0.145
      84	   4.995	   9.995	  0.7101	0.061834	 0.10037	 0.12956	-0.018522	  0.7112	0.109580	-0.00176	-0.04825	-0.01476	0.043475	-0.109580	0.710140	-0.02088	-0.05532	-0.01466	   17.50	  -37.63	  248.13	  -10.04	   -2.52	   -7.05	  631.82	 1008.62	   22.30	   1.189	  1486.8	   50.00	4.179E+5	   0.145
