  Run_nr	   Alpha	    Beta	      CL	      CD	    Cyaw	 Cm_p_qc	      Ct	      Cn	   Cside	 Cm_roll	Cm_pitch	  Cm_yaw	       V	      Re	       M
       /	 degrees	 degrees	       /	       /	       /	       /	       /	       /	       /	       /	       /	       /	     m/s	       /	       /
      59	   9.996	   0.000	  1.1004	0.019054	-0.00800	-0.19113	-0.172251	  1.0870	-0.007999	-0.00756	-0.46090	-0.00068	   40.21	3.560E+5	   0.119	        	        	        	        	        	        	        	        	        	        	        	        	        	        	        	        	        
      60	  14.000	   0.000	  1.3161	0.095774	-0.01264	-0.35841	-0.225472	  1.3002	-0.012643	-0.00914	-0.67973	 0.00003	   40.19	3.558E+5	   0.119	        	        	        	        	        	        	        	        	        	        	        	        	        	        	        	        	        
      61	  12.004	   0.000	  1.2031	0.055591	-0.00996	-0.29017	-0.195851	  1.1884	-0.009961	-0.00840	-0.58425	-0.00028	   40.24	3.561E+5	   0.119	        	        	        	        	        	        	        	        	        	        	        	        	        	        	        	        	        
      62	  11.000	   0.000	  1.1520	0.036494	-0.00838	-0.24613	-0.183999	  1.1378	-0.008377	-0.00796	-0.52802	-0.00054	   40.24	3.560E+5	   0.119	        	        	        	        	        	        	        	        	        	        	        	        	        	        	        	        	        
      63	  12.996	   0.000	  1.2567	0.073345	-0.01165	-0.32883	-0.211156	  1.2410	-0.011647	-0.00865	-0.63566	-0.00004	   40.19	3.555E+5	   0.119	        	        	        	        	        	        	        	        	        	        	        	        	        	        	        	        	        
      64	  12.996	   0.000	  1.2138	0.137466	 0.00036	-0.23802	-0.139027	  1.2136	0.000355	-0.00401	-0.53895	-0.00235	   40.24	3.559E+5	   0.119	        	        	        	        	        	        	        	        	        	        	        	        	        	        	        	        	        
      65	  11.004	   0.000	  1.1162	0.105300	 0.00173	-0.16749	-0.109700	  1.1158	0.001729	-0.00372	-0.44469	-0.00257	   40.26	3.560E+5	   0.119	        	        	        	        	        	        	        	        	        	        	        	        	        	        	        	        	        
      66	  13.996	   0.000	  1.2700	0.157055	-0.00012	-0.26006	-0.154762	  1.2703	-0.000124	-0.00440	-0.57491	-0.00232	   40.23	3.557E+5	   0.119	        	        	        	        	        	        	        	        	        	        	        	        	        	        	        	        	        
      67	  10.004	   0.000	  1.0719	0.090564	 0.00083	-0.12073	-0.097023	  1.0713	0.000829	-0.00383	-0.38731	-0.00238	   40.22	3.556E+5	   0.119	        	        	        	        	        	        	        	        	        	        	        	        	        	        	        	        	        
      68	  11.996	   0.000	  1.1619	0.120820	 0.00095	-0.20456	-0.123317	  1.1616	0.000953	-0.00376	-0.49284	-0.00242	   40.21	3.555E+5	   0.119	        	        	        	        	        	        	        	        	        	        	        	        	        	        	        	        	        
      69	  11.996	   0.000	  1.1816	0.097747	-0.00234	-0.23972	-0.149981	  1.1761	-0.002342	-0.00495	-0.53126	-0.00145	   34.47	3.047E+5	   0.102	        	        	        	        	        	        	        	        	        	        	        	        	        	        	        	        	        
