  Run_nr	   Alpha	    Beta	      CL	      CD	    Cyaw	 Cm_p_qc	      Ct	      Cn	   Cside	 Cm_roll	Cm_pitch	  Cm_yaw	       V	      Re	       M
       /	 degrees	 degrees	       /	       /	       /	       /	       /	       /	       /	       /	       /	       /	     m/s	       /	       /
      40	  -0.004	   0.000	  0.1609	-0.029693	 0.01363	 0.11937	-0.029682	  0.1609	0.013635	-0.00286	 0.07791	-0.00234	   20.08	1.783E+5	   0.059	        	        	        	        	        	        	        	        	        	        	        	        	        	        	        	        	        
      41	  -3.996	   0.000	 -0.2702	-0.021955	 0.01128	 0.16646	-0.040730	 -0.2680	0.011277	-0.00194	 0.23176	-0.00197	   20.09	1.784E+5	   0.059	        	        	        	        	        	        	        	        	        	        	        	        	        	        	        	        	        
      42	   7.996	   0.000	  0.9297	0.010459	 0.00214	 0.02622	-0.118966	  0.9221	0.002138	-0.00695	-0.20456	-0.00129	   20.08	1.783E+5	   0.059	        	        	        	        	        	        	        	        	        	        	        	        	        	        	        	        	        
      43	   7.996	   0.000	  0.9182	0.055115	 0.00274	 0.05702	-0.073145	  0.9169	0.002736	-0.00524	-0.17279	-0.00123	   20.13	1.789E+5	   0.060	        	        	        	        	        	        	        	        	        	        	        	        	        	        	        	        	        
      44	   0.004	   0.000	  0.1661	0.018672	 0.00926	 0.13092	0.018660	  0.1661	0.009264	-0.00212	 0.08806	-0.00115	   20.11	1.787E+5	   0.059	        	        	        	        	        	        	        	        	        	        	        	        	        	        	        	        	        
      45	  -4.000	   0.000	 -0.2611	0.022907	 0.00720	 0.17098	0.004635	 -0.2621	0.007202	-0.00098	 0.23476	-0.00068	   20.12	1.788E+5	   0.060	        	        	        	        	        	        	        	        	        	        	        	        	        	        	        	        	        
      46	  -4.000	   0.000	 -0.2554	0.045798	 0.00432	 0.17492	0.027875	 -0.2579	0.004320	-0.00084	 0.23760	 0.00050	   20.10	1.786E+5	   0.059	        	        	        	        	        	        	        	        	        	        	        	        	        	        	        	        	        
      47	  -0.004	   0.000	  0.1671	0.040011	 0.00728	 0.14217	0.040023	  0.1671	0.007284	-0.00195	 0.09895	-0.00035	   20.08	1.785E+5	   0.059	        	        	        	        	        	        	        	        	        	        	        	        	        	        	        	        	        
      48	   8.000	   0.000	  0.9133	0.078669	 0.00411	 0.07089	-0.049207	  0.9154	0.004105	-0.00418	-0.15867	-0.00153	   20.10	1.786E+5	   0.059	        	        	        	        	        	        	        	        	        	        	        	        	        	        	        	        	        
      49	   8.000	   0.000	  0.9281	0.065091	 0.00212	 0.05234	-0.064711	  0.9281	0.002124	-0.00351	-0.18023	-0.00207	   40.17	3.564E+5	   0.119	        	        	        	        	        	        	        	        	        	        	        	        	        	        	        	        	        
      50	  -3.996	   0.000	 -0.2573	0.033845	 0.00438	 0.17691	0.015831	 -0.2591	0.004376	-0.00000	 0.23984	 0.00067	   40.21	3.562E+5	   0.119	        	        	        	        	        	        	        	        	        	        	        	        	        	        	        	        	        
      51	  -0.004	   0.000	  0.1771	0.028697	 0.00580	 0.14087	0.028711	  0.1770	0.005797	-0.00092	 0.09514	-0.00024	   40.25	3.563E+5	   0.119	        	        	        	        	        	        	        	        	        	        	        	        	        	        	        	        	        
      52	  -0.004	   0.000	  0.1760	0.000053	 0.00841	 0.13198	0.000066	  0.1760	0.008408	-0.00150	 0.08661	-0.00121	   40.25	3.561E+5	   0.119	        	        	        	        	        	        	        	        	        	        	        	        	        	        	        	        	        
      53	   8.000	   0.000	  0.9362	0.036532	 0.00094	 0.03149	-0.094117	  0.9321	0.000944	-0.00480	-0.20188	-0.00198	   40.19	3.555E+5	   0.119	        	        	        	        	        	        	        	        	        	        	        	        	        	        	        	        	        
      54	  -3.996	   0.000	 -0.2629	0.005329	 0.00852	 0.17254	-0.013001	 -0.2626	0.008520	-0.00025	 0.23640	-0.00081	   40.20	3.556E+5	   0.119	        	        	        	        	        	        	        	        	        	        	        	        	        	        	        	        	        
      55	  -3.996	   0.000	 -0.2679	-0.040519	 0.01534	 0.16555	-0.059088	 -0.2644	0.015342	-0.00031	 0.22993	-0.00317	   40.25	3.558E+5	   0.119	        	        	        	        	        	        	        	        	        	        	        	        	        	        	        	        	        
      56	   7.996	   0.000	  0.9477	-0.008776	-0.00353	-0.00126	-0.140511	  0.9372	-0.003533	-0.00685	-0.23555	-0.00123	   40.17	3.551E+5	   0.119	        	        	        	        	        	        	        	        	        	        	        	        	        	        	        	        	        
      57	   0.004	   0.000	  0.1778	-0.046220	 0.01226	 0.11575	-0.046233	  0.1778	0.012261	-0.00230	 0.07010	-0.00252	   40.21	3.554E+5	   0.119	        	        	        	        	        	        	        	        	        	        	        	        	        	        	        	        	        
      58	   0.004	   0.000	  0.1621	-0.027448	 0.01274	 0.12068	-0.027460	  0.1621	0.012743	-0.00364	 0.07893	-0.00213	   20.11	1.780E+5	   0.059	        	        	        	        	        	        	        	        	        	        	        	        	        	        	        	        	        
