  Run_nr	   Alpha	    Beta	      CL	      CD	    Cyaw	 Cm_p_qc	      Ct	      Cn	   Cside	 Cm_roll	Cm_pitch	  Cm_yaw	       V	      Re	       M
       /	 degrees	 degrees	       /	       /	       /	       /	       /	       /	       /	       /	       /	       /	     m/s	       /	       /
       1	   0.000	   0.000	  0.2147	-0.030853	 0.01211	-0.01510	-0.030854	  0.2147	0.012107	-0.00210	-0.06861	-0.00206	   20.11	1.786E+5	   0.059	        	        	        	        	        	        	        	        	        	        	        	        	        	        	        	        	        
       2	   7.996	   0.000	  0.9745	0.012893	 0.00146	-0.09444	-0.122791	  0.9668	0.001456	-0.00607	-0.33517	-0.00112	   20.13	1.790E+5	   0.060	        	        	        	        	        	        	        	        	        	        	        	        	        	        	        	        	        
       3	  -3.996	   0.000	 -0.2167	-0.027601	 0.01004	 0.02791	-0.042634	 -0.2142	0.010035	-0.00135	 0.08119	-0.00198	   19.35	1.857E+5	   0.057	        	        	        	        	        	        	        	        	        	        	        	        	        	        	        	        	        
       4	  -3.996	   0.000	 -0.2086	0.017076	 0.00782	 0.04341	0.002497	 -0.2093	0.007816	-0.00035	 0.09529	-0.00079	   20.10	1.789E+5	   0.059	        	        	        	        	        	        	        	        	        	        	        	        	        	        	        	        	        
       5	   7.996	   0.000	  0.9609	0.055811	 0.00247	-0.05498	-0.078406	  0.9594	0.002473	-0.00452	-0.29426	-0.00117	   20.08	1.787E+5	   0.059	        	        	        	        	        	        	        	        	        	        	        	        	        	        	        	        	        
       6	   0.004	   0.000	  0.2148	0.015251	 0.01003	 0.01031	0.015235	  0.2148	0.010032	-0.00127	-0.04348	-0.00133	   20.08	1.787E+5	   0.059	        	        	        	        	        	        	        	        	        	        	        	        	        	        	        	        	        
       7	   0.004	   0.000	  0.2137	0.039429	 0.00764	 0.02481	0.039413	  0.2137	0.007644	-0.00083	-0.02886	-0.00044	   20.13	1.792E+5	   0.060	        	        	        	        	        	        	        	        	        	        	        	        	        	        	        	        	        
       8	  -4.000	   0.000	 -0.2074	0.041144	 0.00441	 0.04995	0.026577	 -0.2098	0.004409	 0.00001	 0.10187	 0.00034	   19.99	1.806E+5	   0.059	        	        	        	        	        	        	        	        	        	        	        	        	        	        	        	        	        
       9	   7.996	   0.000	  0.9536	0.080000	 0.00377	-0.03606	-0.053425	  0.9555	0.003772	-0.00339	-0.27456	-0.00147	   20.13	1.792E+5	   0.060	        	        	        	        	        	        	        	        	        	        	        	        	        	        	        	        	        
      10	   7.996	   0.000	  0.9622	0.068039	 0.00217	-0.05222	-0.066467	  0.9623	0.002169	-0.00307	-0.29226	-0.00209	   40.20	3.570E+5	   0.119	        	        	        	        	        	        	        	        	        	        	        	        	        	        	        	        	        
      11	   0.004	   0.000	  0.2185	0.028402	 0.00703	 0.03114	0.028386	  0.2185	0.007026	-0.00031	-0.02381	-0.00074	   40.25	3.571E+5	   0.119	        	        	        	        	        	        	        	        	        	        	        	        	        	        	        	        	        
      12	  -4.000	   0.000	 -0.2181	0.031306	 0.00518	 0.06536	0.016019	 -0.2197	0.005178	 0.00049	 0.11961	 0.00035	   40.24	3.568E+5	   0.119	        	        	        	        	        	        	        	        	        	        	        	        	        	        	        	        	        
      13	  -4.000	   0.000	 -0.2206	0.002608	 0.00866	 0.05616	-0.012788	 -0.2203	0.008657	 0.00006	 0.11064	-0.00088	   40.23	3.564E+5	   0.119	        	        	        	        	        	        	        	        	        	        	        	        	        	        	        	        	        
      14	   2.147	   0.000	  0.4204	0.006938	 0.00799	 0.00809	-0.008817	  0.4203	0.007990	-0.00194	-0.09707	-0.00146	   40.18	3.557E+5	   0.119	        	        	        	        	        	        	        	        	        	        	        	        	        	        	        	        	        
      15	   0.004	   0.000	  0.2163	-0.000136	 0.00841	 0.02406	-0.000152	  0.2163	0.008408	-0.00122	-0.03027	-0.00119	   38.68	3.693E+5	   0.114	        	        	        	        	        	        	        	        	        	        	        	        	        	        	        	        	        
      16	   7.996	   0.000	  0.9663	0.040409	 0.00074	-0.05948	-0.094402	  0.9625	0.000744	-0.00437	-0.29949	-0.00187	   40.25	3.562E+5	   0.119	        	        	        	        	        	        	        	        	        	        	        	        	        	        	        	        	        
      17	   7.996	   0.000	  0.9801	-0.004436	-0.00509	-0.09911	-0.140728	  0.9699	-0.005087	-0.00656	-0.34056	-0.00069	   40.24	3.562E+5	   0.119	        	        	        	        	        	        	        	        	        	        	        	        	        	        	        	        	        
      18	  -3.996	   0.000	 -0.2261	-0.043236	 0.01351	 0.04274	-0.058890	 -0.2226	0.013506	-0.00052	 0.09794	-0.00247	   40.19	3.554E+5	   0.119	        	        	        	        	        	        	        	        	        	        	        	        	        	        	        	        	        
      19	  -0.004	   0.000	  0.2146	-0.046828	 0.00966	 0.00290	-0.046814	  0.2146	0.009657	-0.00249	-0.05078	-0.00163	   40.24	3.557E+5	   0.119	        	        	        	        	        	        	        	        	        	        	        	        	        	        	        	        	        
      20	  -0.004	   0.000	  0.2023	-0.030599	 0.01320	 0.00675	-0.030586	  0.2023	0.013203	-0.00284	-0.04388	-0.00233	   20.11	1.781E+5	   0.059	        	        	        	        	        	        	        	        	        	        	        	        	        	        	        	        	        
