  Run_nr	   Alpha	    Beta	      CL	      CD	    Cyaw	 Cm_p_qc	      Ct	      Cn	   Cside	 Cm_roll	Cm_pitch	  Cm_yaw	       V	      Re	       M
       /	 degrees	 degrees	       /	       /	       /	       /	       /	       /	       /	       /	       /	       /	     m/s	       /	       /
      21	  -0.004	   0.000	  0.2560	-0.045512	 0.00741	-0.12008	-0.045495	  0.2560	0.007407	-0.00268	-0.18283	-0.00085	   40.20	3.556E+5	   0.119	        	        	        	        	        	        	        	        	        	        	        	        	        	        	        	        	        
      22	   8.000	   0.000	  1.0195	0.001276	-0.00522	-0.22236	-0.140631	  1.0098	-0.005215	-0.00629	-0.47249	-0.00079	   40.20	3.557E+5	   0.119	        	        	        	        	        	        	        	        	        	        	        	        	        	        	        	        	        
      23	  -3.996	   0.000	 -0.1820	-0.044340	 0.01207	-0.08647	-0.056914	 -0.1785	0.012073	-0.00075	-0.04095	-0.00198	   40.17	3.552E+5	   0.119	        	        	        	        	        	        	        	        	        	        	        	        	        	        	        	        	        
      24	  -3.996	   0.000	 -0.1809	0.031250	 0.00268	-0.04249	0.018569	 -0.1826	0.002677	 0.00003	 0.00361	 0.00132	   40.24	3.556E+5	   0.119	        	        	        	        	        	        	        	        	        	        	        	        	        	        	        	        	        
      25	   7.996	   0.000	  0.9926	0.074162	 0.00243	-0.14458	-0.064644	  0.9933	0.002429	-0.00285	-0.39140	-0.00221	   40.25	3.558E+5	   0.119	        	        	        	        	        	        	        	        	        	        	        	        	        	        	        	        	        
      26	   0.004	   0.000	  0.2496	0.030537	 0.00417	-0.06438	0.030519	  0.2496	0.004173	-0.00086	-0.12612	 0.00042	   40.16	3.549E+5	   0.119	        	        	        	        	        	        	        	        	        	        	        	        	        	        	        	        	        
      27	   0.004	   0.000	  0.2530	0.002263	 0.00554	-0.08572	0.002245	  0.2530	0.005536	-0.00170	-0.14807	-0.00010	   39.97	3.582E+5	   0.118	        	        	        	        	        	        	        	        	        	        	        	        	        	        	        	        	        
      28	  -4.000	   0.000	 -0.1826	0.002384	 0.00600	-0.05871	-0.010360	 -0.1824	0.006002	-0.00046	-0.01251	 0.00012	   40.17	3.547E+5	   0.119	        	        	        	        	        	        	        	        	        	        	        	        	        	        	        	        	        
      29	   7.996	   0.000	  1.0035	0.046063	 0.00010	-0.17457	-0.093973	  1.0001	0.000103	-0.00418	-0.42278	-0.00175	   40.23	3.552E+5	   0.119	        	        	        	        	        	        	        	        	        	        	        	        	        	        	        	        	        
      30	   7.996	   0.000	  0.9901	0.065163	 0.00104	-0.16845	-0.073204	  0.9896	0.001036	-0.00438	-0.41412	-0.00068	   20.12	1.781E+5	   0.059	        	        	        	        	        	        	        	        	        	        	        	        	        	        	        	        	        
      31	   0.004	   0.000	  0.2389	0.020436	 0.00878	-0.08476	0.020419	  0.2389	0.008784	-0.00136	-0.14361	-0.00079	   20.11	1.782E+5	   0.059	        	        	        	        	        	        	        	        	        	        	        	        	        	        	        	        	        
      32	  -4.000	   0.000	 -0.1802	0.020359	 0.00618	-0.06257	0.007740	 -0.1812	0.006181	-0.00059	-0.01663	-0.00029	   20.14	1.785E+5	   0.060	        	        	        	        	        	        	        	        	        	        	        	        	        	        	        	        	        
      33	  -4.000	   0.000	 -0.1774	0.043505	 0.00324	-0.05005	0.031022	 -0.1800	0.003235	-0.00030	-0.00452	 0.00057	   19.82	1.808E+5	   0.059	        	        	        	        	        	        	        	        	        	        	        	        	        	        	        	        	        
      34	  -0.004	   0.000	  0.2381	0.041717	 0.00838	-0.06199	0.041735	  0.2381	0.008384	-0.00112	-0.12089	-0.00051	   20.07	1.779E+5	   0.059	        	        	        	        	        	        	        	        	        	        	        	        	        	        	        	        	        
      35	   8.000	   0.000	  0.9832	0.087978	 0.00296	-0.14399	-0.049715	  0.9859	0.002964	-0.00361	-0.38898	-0.00116	   20.06	1.779E+5	   0.059	        	        	        	        	        	        	        	        	        	        	        	        	        	        	        	        	        
      36	   8.000	   0.000	  1.0087	0.022435	-0.00018	-0.21870	-0.118173	  1.0020	-0.000180	-0.00617	-0.46696	-0.00057	   20.14	1.787E+5	   0.060	        	        	        	        	        	        	        	        	        	        	        	        	        	        	        	        	        
      37	  -3.996	   0.000	 -0.1831	-0.025228	 0.00961	-0.08576	-0.037923	 -0.1809	0.009608	-0.00140	-0.03967	-0.00132	   20.09	1.784E+5	   0.059	        	        	        	        	        	        	        	        	        	        	        	        	        	        	        	        	        
      38	  -0.004	   0.000	  0.2445	-0.028502	 0.01138	-0.11579	-0.028485	  0.2445	0.011381	-0.00293	-0.17573	-0.00163	   20.08	1.782E+5	   0.059	        	        	        	        	        	        	        	        	        	        	        	        	        	        	        	        	        
      39	  -0.004	   0.000	  0.2558	-0.044911	 0.00674	-0.11845	-0.044894	  0.2558	0.006741	-0.00279	-0.18118	-0.00058	   40.26	3.564E+5	   0.119	        	        	        	        	        	        	        	        	        	        	        	        	        	        	        	        	        
