  Run_nr	    Time	   Alpha	    Beta	Delta_Pb	   P_bar	       T	      B1	      B2	      B3	      B4	      B5	      B6	     rpm	     Rho	       Q	       V	      Re	 nrotor1	 nrotor2	      I1	      I2	    dptq	  Extra1	  Extra2	  Extra3	  Extra4	  Extra5	  Extra6	  Extra7	  Extra8	  Extra9	 Extra10
       /	   H:M:S	 degrees	 degrees	      Pa	     hPa	 degr._C	   steps	   steps	   steps	   steps	   steps	   steps	   1/min	  kg/m^3	      Pa	     m/s	       /	     1/s	     1/s	       A	       A	      Pa	       /	       /	       /	       /	       /	       /	       /	       /	       /	       /
       1	 15:35:11	   0.000	   0.000	  105.27	 1001.23	   11.14	  -137.1	   -63.6	   119.7	   144.1	  -137.9	    25.3	 240.982	   1.227	   245.6	    20.0	  228750	   61.51	   61.51	    1.50	    1.37	    0.00	  14.048	  13.868	  53.744	  53.070	   0.000	   0.000	   0.000	   0.000	   0.000	   0.000
       2	 15:36:28	   7.996	   0.000	  105.56	 1001.21	   10.96	    97.4	   -22.9	   479.9	   458.4	   -11.5	    12.9	 244.002	   1.228	   246.3	    20.0	  229242	   61.51	   61.51	    1.43	    1.36	    0.00	  13.710	  13.766	  53.574	  53.062	   0.000	   0.000	   0.000	   0.000	   0.000	   0.000
       3	 15:38:17	  -3.996	   0.000	  105.20	 1079.93	   10.90	   -94.1	   -46.6	  -112.9	   -92.8	    15.3	    21.0	 240.999	   1.324	   245.4	    19.8	  234418	   61.51	   61.51	    1.43	    1.41	    0.00	  13.664	  13.809	  53.521	  52.899	   0.000	   0.000	   0.000	   0.000	   0.000	   0.000
       4	 15:39:13	  -3.996	   0.000	  105.27	 1001.20	   10.85	   184.2	   -26.7	  -151.0	  -132.5	   228.1	     5.4	 241.985	   1.228	   245.6	    20.0	  229042	   51.80	   51.80	    0.71	    0.73	    0.00	  13.700	  13.811	  49.048	  48.025	   0.000	   0.000	   0.000	   0.000	   0.000	   0.000
       5	 15:40:24	   7.996	   0.000	  105.07	 1001.27	   10.84	   363.7	   -29.2	   420.8	   410.5	   213.2	    16.2	 243.991	   1.228	   245.1	    20.0	  228852	   51.80	   51.80	    0.71	    0.71	    0.00	  13.608	  13.676	  49.281	  48.140	   0.000	   0.000	   0.000	   0.000	   0.000	   0.000
       6	 15:41:25	   0.004	   0.000	  105.03	 1001.26	   10.82	   149.7	   -49.1	    74.8	    97.6	    89.2	    16.1	 241.988	   1.228	   245.0	    20.0	  228821	   51.80	   51.80	    0.73	    0.69	    0.00	  13.489	  13.541	  48.947	  47.921	   0.000	   0.000	   0.000	   0.000	   0.000	   0.000
       7	 15:42:19	   0.004	   0.000	  105.57	 1001.28	   10.81	   301.6	   -32.3	    52.8	    71.2	   210.3	     5.2	 243.013	   1.228	   246.3	    20.0	  229416	   44.73	   44.73	    0.38	    0.37	    0.00	  13.398	  13.429	  39.693	  38.844	   0.000	   0.000	   0.000	   0.000	   0.000	   0.000
       8	 15:43:15	  -4.000	   0.000	  105.70	 1015.93	   10.80	   335.5	    -3.5	  -169.8	  -159.6	   343.4	    -8.9	 242.987	   1.246	   246.6	    20.0	  230766	   44.73	   44.73	    0.42	    0.39	    0.00	  13.276	  13.281	  39.814	  38.977	   0.000	   0.000	   0.000	   0.000	   0.000	   0.000
       9	 15:44:28	   7.996	   0.000	  105.62	 1001.30	   10.80	   516.9	   -38.3	   390.1	   389.0	   338.1	    21.8	 244.995	   1.228	   246.4	    20.0	  229481	   44.73	   44.73	    0.38	    0.39	    0.00	  13.115	  13.119	  39.913	  39.028	   0.000	   0.000	   0.000	   0.000	   0.000	   0.000
      10	 15:46:00	   7.996	   0.000	  418.61	 1001.31	   11.18	  1841.4	  -109.6	  1708.1	  1670.5	   669.1	    91.7	 473.981	   1.227	   981.1	    40.0	  457151	   89.47	   89.47	    2.66	    2.31	    0.00	  13.052	  13.363	  45.515	  45.159	   0.000	   0.000	   0.000	   0.000	   0.000	   0.000
      11	 15:47:03	   0.004	   0.000	  419.37	 1001.34	   11.34	   927.4	  -129.6	   255.3	   331.6	   654.2	    35.9	 470.998	   1.226	   982.9	    40.0	  457246	   89.47	   89.48	    2.57	    2.17	    0.00	  13.377	  14.112	  45.078	  44.777	   0.000	   0.000	   0.000	   0.000	   0.000	   0.000
      12	 15:48:02	  -4.000	   0.000	  419.09	 1001.38	   11.48	  1045.4	   -50.6	  -668.2	  -598.9	  1181.8	   -24.1	 470.997	   1.226	   982.2	    40.0	  456812	   89.47	   89.48	    2.64	    2.45	    0.00	  13.735	  14.732	  45.211	  44.901	   0.000	   0.000	   0.000	   0.000	   0.000	   0.000
      13	 15:49:09	  -4.000	   0.000	  418.54	 1001.40	   11.60	   329.7	  -148.4	  -579.1	  -477.1	   634.3	    38.2	 469.994	   1.225	   980.9	    40.0	  456264	  103.60	  103.60	    5.84	    6.14	    0.00	  14.220	  15.562	  47.962	  45.853	   0.000	   0.000	   0.000	   0.000	   0.000	   0.000
      14	 15:50:13	   2.147	   0.000	  417.43	 1001.42	   11.69	   365.2	  -171.3	   761.4	   814.8	    67.0	    70.4	 469.827	   1.225	   978.3	    40.0	  455483	  103.60	  103.60	    6.00	    6.08	    0.00	  15.062	  16.710	  47.872	  45.752	   0.000	   0.000	   0.000	   0.000	   0.000	   0.000
      15	 15:51:12	   0.004	   0.000	  417.23	 1080.22	   11.71	   214.6	  -165.6	   358.6	   431.4	   116.8	    57.8	 469.001	   1.321	   977.8	    39.5	  466283	  103.60	  103.60	    6.04	    6.08	    0.00	  15.854	  17.613	  47.816	  45.689	   0.000	   0.000	   0.000	   0.000	   0.000	   0.000
      16	 15:52:16	   7.996	   0.000	  418.87	 1001.43	   11.76	  1154.4	   -74.0	  1842.7	  1762.5	   147.5	    72.3	 474.003	   1.224	   981.7	    40.0	  456130	  103.61	  103.60	    6.27	    6.43	    0.00	  16.618	  18.392	  47.790	  45.774	   0.000	   0.000	   0.000	   0.000	   0.000	   0.000
      17	 15:53:26	   7.996	   0.000	  418.61	 1001.50	   11.74	    37.3	    66.6	  2109.0	  1919.1	  -784.9	    -0.9	 472.990	   1.225	   981.1	    40.0	  456029	  123.00	  123.00	   13.09	   13.63	    0.00	  17.617	  19.604	  49.481	  47.351	   0.000	   0.000	   0.000	   0.000	   0.000	   0.000
      18	 15:54:32	  -3.996	   0.000	  417.36	 1001.48	   11.87	  -809.0	  -279.2	  -437.3	  -289.9	  -232.4	   118.4	 467.990	   1.224	   978.2	    40.0	  455092	  123.00	  123.00	   12.94	   13.23	    0.00	  20.007	  22.346	  49.505	  47.368	   0.000	   0.000	   0.000	   0.000	   0.000	   0.000
      19	 15:55:34	  -0.004	   0.000	  418.27	 1001.54	   11.98	  -946.2	  -200.5	   543.8	   604.4	  -787.8	    79.8	 468.000	   1.224	   980.3	    40.0	  455368	  123.00	  123.01	   12.87	   13.98	    0.00	  22.587	  24.870	  49.428	  47.242	   0.000	   0.000	   0.000	   0.000	   0.000	   0.000
      20	 15:57:01	  -0.004	   0.000	  105.10	 1001.58	   11.67	  -135.3	   -70.1	   110.1	   134.0	  -118.5	    28.6	 241.982	   1.225	   245.2	    20.0	  228065	   61.52	   61.52	    1.51	    1.34	    0.00	  25.524	  26.546	  53.481	  51.831	   0.000	   0.000	   0.000	   0.000	   0.000	   0.000
