  Run_nr	    Time	   Alpha	    Beta	Delta_Pb	   P_bar	       T	      B1	      B2	      B3	      B4	      B5	      B6	     rpm	     Rho	       Q	       V	      Re	 nrotor1	 nrotor2	      I1	      I2	    dptq	  Extra1	  Extra2	  Extra3	  Extra4	  Extra5	  Extra6	  Extra7	  Extra8	  Extra9	 Extra10
       /	   H:M:S	 degrees	 degrees	      Pa	     hPa	 degr._C	   steps	   steps	   steps	   steps	   steps	   steps	   1/min	  kg/m^3	      Pa	     m/s	       /	     1/s	     1/s	       A	       A	      Pa	       /	       /	       /	       /	       /	       /	       /	       /	       /	       /
      40	 16:31:09	  -0.004	   0.000	  104.97	 1002.11	   11.39	  -129.5	   -71.5	    71.4	    96.7	   -25.5	    28.5	 241.942	   1.227	   244.9	    20.0	  228263	   61.50	   61.51	    2.57	    2.94	    0.00	  18.702	  18.151	  29.519	  28.281	   0.000	   0.000	   0.000	   0.000	   0.000	   0.000
      41	 16:31:54	  -3.996	   0.000	  105.03	 1002.11	   11.34	   -58.8	   -51.3	  -165.2	  -144.2	   150.6	    21.3	 241.994	   1.227	   245.0	    20.0	  228383	   61.50	   61.50	    2.87	    2.44	    0.00	  17.919	  17.496	  29.442	  28.272	   0.000	   0.000	   0.000	   0.000	   0.000	   0.000
      42	 16:32:59	   7.996	   0.000	  104.95	 1002.16	   11.31	    81.6	   -25.8	   440.4	   416.8	    73.5	    13.5	 244.001	   1.227	   244.8	    20.0	  228332	   61.50	   61.50	    2.68	    2.81	    0.00	  17.226	  16.983	  29.500	  28.343	   0.000	   0.000	   0.000	   0.000	   0.000	   0.000
      43	 16:33:53	   7.996	   0.000	  105.53	 1002.16	   11.25	   361.1	   -29.7	   386.9	   373.8	   299.4	    15.6	 244.989	   1.228	   246.2	    20.0	  229027	   51.80	   51.80	    1.25	    1.17	    0.00	  16.825	  16.673	  26.760	  26.673	   0.000	   0.000	   0.000	   0.000	   0.000	   0.000
      44	 16:34:45	   0.004	   0.000	  105.33	 1002.20	   11.23	   171.5	   -44.8	    33.0	    49.7	   201.2	    14.0	 242.985	   1.228	   245.7	    20.0	  228832	   51.80	   51.80	    1.29	    1.16	    0.00	  16.404	  16.191	  26.662	  26.613	   0.000	   0.000	   0.000	   0.000	   0.000	   0.000
      45	 16:35:29	  -4.000	   0.000	  105.49	 1002.21	   11.23	   221.0	   -23.9	  -199.4	  -185.5	   357.2	     4.6	 242.990	   1.228	   246.1	    20.0	  229005	   51.80	   51.80	    1.26	    1.14	    0.00	  16.046	  15.767	  26.702	  26.660	   0.000	   0.000	   0.000	   0.000	   0.000	   0.000
      46	 16:36:27	  -4.000	   0.000	  105.19	 1002.23	   11.23	   362.9	    -2.2	  -213.4	  -207.4	   462.1	   -10.1	 242.986	   1.228	   245.4	    20.0	  228680	   44.70	   44.70	    0.61	    0.54	    0.00	  15.592	  15.260	  23.686	  24.685	   0.000	   0.000	   0.000	   0.000	   0.000	   0.000
      47	 16:37:13	  -0.004	   0.000	  105.05	 1002.24	   11.22	   303.7	   -30.0	    14.7	    26.7	   305.2	     4.1	 242.986	   1.228	   245.1	    20.0	  228536	   44.70	   44.70	    0.56	    0.52	    0.00	  15.241	  14.892	  23.660	  24.652	   0.000	   0.000	   0.000	   0.000	   0.000	   0.000
      48	 16:38:03	   8.000	   0.000	  105.21	 1002.27	   11.20	   506.5	   -38.9	   355.2	   351.5	   416.1	    21.1	 244.860	   1.228	   245.5	    20.0	  228746	   44.70	   44.70	    0.60	    0.55	    0.00	  14.889	  14.554	  23.748	  24.740	   0.000	   0.000	   0.000	   0.000	   0.000	   0.000
      49	 16:39:21	   8.000	   0.000	  417.91	 1002.24	   11.51	  1765.0	  -105.9	  1591.1	  1545.0	   941.7	    87.7	 474.022	   1.227	   979.4	    40.0	  456290	   89.47	   89.47	    4.45	    4.27	    0.00	  14.264	  14.091	  21.755	  21.276	   0.000	   0.000	   0.000	   0.000	   0.000	   0.000
      50	 16:40:42	  -3.996	   0.000	  418.42	 1002.28	   11.77	  1106.8	   -28.0	  -810.7	  -760.0	  1576.8	   -38.4	 470.980	   1.225	   980.7	    40.0	  456054	   89.47	   89.47	    4.19	    4.38	    0.00	  14.050	  13.992	  21.707	  21.342	   0.000	   0.000	   0.000	   0.000	   0.000	   0.000
      51	 16:41:38	  -0.004	   0.000	  418.99	 1002.27	   11.86	   934.0	   -92.9	   119.8	   170.3	  1006.8	    11.3	 470.986	   1.225	   982.0	    40.0	  456169	   89.47	   89.46	    4.13	    4.08	    0.00	  14.005	  13.989	  21.707	  21.259	   0.000	   0.000	   0.000	   0.000	   0.000	   0.000
      52	 16:42:42	  -0.004	   0.000	  418.91	 1002.29	   11.94	   220.2	  -167.2	   217.9	   286.2	   462.4	    59.1	 470.000	   1.225	   981.8	    40.0	  455969	  103.60	  103.60	    9.94	    9.95	    0.00	  14.025	  14.106	  26.777	  26.250	   0.000	   0.000	   0.000	   0.000	   0.000	   0.000
      53	 16:43:37	   8.000	   0.000	  417.54	 1002.28	   11.97	  1054.3	   -78.6	  1740.6	  1654.9	   361.8	    74.4	 472.992	   1.225	   978.6	    40.0	  455162	  103.60	  103.60	    9.88	   10.02	    0.00	  14.321	  14.611	  26.777	  26.333	   0.000	   0.000	   0.000	   0.000	   0.000	   0.000
      54	 16:44:35	  -3.996	   0.000	  417.92	 1002.29	   11.99	   396.8	  -144.2	  -736.9	  -641.8	  1049.2	    35.5	 469.895	   1.225	   979.5	    40.0	  455329	  103.60	  103.60	    9.92	    9.76	    0.00	  14.773	  15.173	  26.811	  26.255	   0.000	   0.000	   0.000	   0.000	   0.000	   0.000
      55	 16:45:25	  -3.996	   0.000	  418.65	 1002.33	   12.10	  -744.0	  -332.3	  -617.4	  -442.0	   201.5	   152.2	 469.007	   1.224	   981.2	    40.0	  455516	  123.00	  123.01	   17.71	   17.98	    0.00	  15.261	  15.787	  34.014	  33.497	   0.000	   0.000	   0.000	   0.000	   0.000	   0.000
      56	 16:46:31	   7.996	   0.000	  417.03	 1002.35	   12.11	   -70.6	    24.9	  1989.4	  1811.8	  -554.3	    23.8	 472.007	   1.224	   977.4	    40.0	  454605	  123.00	  123.00	   17.64	   18.24	    0.00	  16.921	  18.035	  34.081	  33.667	   0.000	   0.000	   0.000	   0.000	   0.000	   0.000
      57	 16:47:31	   0.004	   0.000	  417.90	 1002.37	   12.12	  -930.4	  -271.5	   384.4	   480.1	  -423.8	   123.3	 468.008	   1.224	   979.4	    40.0	  455064	  123.00	  123.00	   17.79	   18.05	    0.00	  18.904	  20.138	  34.070	  33.561	   0.000	   0.000	   0.000	   0.000	   0.000	   0.000
      58	 16:48:53	   0.004	   0.000	  105.06	 1002.40	   11.89	  -115.7	   -66.5	    73.1	    91.9	   -14.7	    26.1	 241.950	   1.225	   245.1	    20.0	  227883	   61.50	   61.50	    2.37	    2.25	    0.00	  21.509	  22.094	  34.524	  33.669	   0.000	   0.000	   0.000	   0.000	   0.000	   0.000
