  Run_nr	   Alpha	    Beta	      CL	      CD	    Cyaw	 Cm_p_qc	      Ct	      Cn	   Cside	 Cm_roll	Cm_pitch	  Cm_yaw	      Cx	      Cy	      Cz	    Cm_x	    Cm_y	    Cm_z	      Fx	      Fy	      Fz	      Mx	      My	      Mz	     DPb	    Pbar	       T	     Rho	       Q	       V	      Re	       M
       /	 degrees	 degrees	       /	       /	       /	       /	       /	       /	       /	       /	       /	       /	       /	       /	       /	       /	       /	       /	       N	       N	       N	      Nm	      Nm	      Nm	      Pa	      Pa	 degr. C	  kg/m^3	      Pa	     m/s	       /	       /
      40	  -0.004	   0.000	  0.1626	-0.030000	 0.01378	 0.11937	-0.029990	  0.1626	0.013776	-0.00289	 0.07872	-0.00236	-0.030000	-0.013776	0.162602	-0.00513	 0.08360	-0.00236	   -1.20	   -0.78	    9.70	   -0.41	    0.93	   -0.19	  104.97	 1002.11	   11.39	   1.227	   244.9	   19.98	1.774E+5	   0.059
      41	  -3.996	   0.000	 -0.2730	-0.022183	 0.01139	 0.16646	-0.041152	 -0.2708	0.011394	-0.00196	 0.23416	-0.00199	-0.022183	-0.011394	-0.272990	-0.00367	 0.23777	-0.00213	   -0.68	   -0.64	  -15.08	   -0.29	    2.41	   -0.17	  105.03	 1002.11	   11.34	   1.227	   245.0	   19.98	1.774E+5	   0.059
      42	   7.996	   0.000	  0.9393	0.010567	 0.00216	 0.02622	-0.120198	  0.9316	0.002160	-0.00702	-0.20668	-0.00131	0.010567	-0.002160	0.939289	-0.00748	-0.20840	-0.00033	    0.99	   -0.12	   53.85	   -0.59	   -1.87	   -0.03	  104.95	 1002.16	   11.31	   1.227	   244.8	   19.97	1.774E+5	   0.059
      43	   7.996	   0.000	  0.9277	0.055686	 0.00276	 0.05702	-0.073902	  0.9264	0.002765	-0.00530	-0.17458	-0.00124	0.055686	-0.002765	0.927673	-0.00587	-0.18364	-0.00051	    3.56	   -0.16	   53.49	   -0.47	   -1.65	   -0.04	  105.53	 1002.16	   11.25	   1.228	   246.2	   20.03	1.779E+5	   0.059
      44	   0.004	   0.000	  0.1678	0.018866	 0.00936	 0.13092	0.018853	  0.1678	0.009360	-0.00214	 0.08897	-0.00116	0.018866	-0.009360	0.167806	-0.00366	 0.08590	-0.00116	    1.57	   -0.53	   10.03	   -0.29	    0.95	   -0.09	  105.33	 1002.20	   11.23	   1.228	   245.7	   20.01	1.778E+5	   0.059
      45	  -4.000	   0.000	 -0.2639	0.023144	 0.00728	 0.17098	0.004683	 -0.2648	0.007276	-0.00099	 0.23719	-0.00069	0.023144	-0.007276	-0.263851	-0.00212	 0.23342	-0.00076	    1.89	   -0.41	  -14.62	   -0.17	    2.38	   -0.06	  105.49	 1002.21	   11.23	   1.228	   246.1	   20.02	1.779E+5	   0.059
      46	  -4.000	   0.000	 -0.2580	0.046272	 0.00436	 0.17492	0.028163	 -0.2606	0.004364	-0.00084	 0.24007	 0.00050	0.046272	-0.004364	-0.258006	-0.00159	 0.23254	 0.00044	    3.20	   -0.25	  -14.25	   -0.13	    2.36	    0.04	  105.19	 1002.23	   11.23	   1.228	   245.4	   19.99	1.777E+5	   0.059
      47	  -0.004	   0.000	  0.1688	0.040425	 0.00736	 0.14217	0.040438	  0.1688	0.007360	-0.00197	 0.09997	-0.00035	0.040425	-0.007360	0.168787	-0.00316	 0.09339	-0.00035	    2.79	   -0.42	   10.05	   -0.25	    1.02	   -0.03	  105.05	 1002.24	   11.22	   1.228	   245.1	   19.98	1.776E+5	   0.059
      48	   8.000	   0.000	  0.9228	0.079484	 0.00415	 0.07089	-0.049717	  0.9248	0.004148	-0.00422	-0.16032	-0.00155	0.079484	-0.004148	0.922762	-0.00507	-0.17325	-0.00097	    4.90	   -0.24	   53.05	   -0.40	   -1.54	   -0.08	  105.21	 1002.27	   11.20	   1.228	   245.5	   19.99	1.777E+5	   0.059
      49	   8.000	   0.000	  0.9379	0.065776	 0.00215	 0.05234	-0.065393	  0.9379	0.002146	-0.00355	-0.18213	-0.00209	0.065776	-0.002146	0.937866	-0.00416	-0.19283	-0.00162	   16.47	   -0.49	  215.11	   -1.32	   -6.90	   -0.51	  417.91	 1002.24	   11.51	   1.227	   979.4	   39.96	3.545E+5	   0.118
      50	  -3.996	   0.000	 -0.2600	0.034202	 0.00442	 0.17691	0.015998	 -0.2618	0.004422	-0.00000	 0.24236	 0.00068	0.034202	-0.004422	-0.260049	-0.00077	 0.23680	 0.00068	   10.05	   -1.00	  -57.40	   -0.24	    9.59	    0.22	  418.42	 1002.28	   11.77	   1.225	   980.7	   40.01	3.543E+5	   0.118
      51	  -0.004	   0.000	  0.1789	0.028999	 0.00586	 0.14087	0.029013	  0.1789	0.005858	-0.00093	 0.09614	-0.00025	0.028999	-0.005858	0.178915	-0.00188	 0.09142	-0.00025	    8.58	   -1.33	   42.58	   -0.60	    4.01	   -0.08	  418.99	 1002.27	   11.86	   1.225	   982.0	   40.04	3.544E+5	   0.118
      52	  -0.004	   0.000	  0.1778	0.000054	 0.00850	 0.13198	0.000067	  0.1778	0.008496	-0.00152	 0.08752	-0.00122	0.000054	-0.008496	0.177828	-0.00290	 0.08751	-0.00122	    2.02	   -1.93	   42.33	   -0.92	    3.86	   -0.39	  418.91	 1002.29	   11.94	   1.225	   981.8	   40.04	3.543E+5	   0.118
      53	   8.000	   0.000	  0.9460	0.036916	 0.00095	 0.03149	-0.095108	  0.9420	0.000954	-0.00485	-0.20400	-0.00200	0.036916	-0.000954	0.946024	-0.00524	-0.21001	-0.00134	    9.93	   -0.22	  216.77	   -1.66	   -7.53	   -0.42	  417.54	 1002.28	   11.97	   1.225	   978.6	   39.98	3.536E+5	   0.118
      54	  -3.996	   0.000	 -0.2656	0.005385	 0.00861	 0.17254	-0.013138	 -0.2654	0.008609	-0.00025	 0.23889	-0.00082	0.005385	-0.008609	-0.265640	-0.00159	 0.23801	-0.00084	    3.51	   -1.95	  -58.60	   -0.50	    9.63	   -0.27	  417.92	 1002.29	   11.99	   1.225	   979.5	   40.00	3.538E+5	   0.118
      55	  -3.996	   0.000	 -0.2707	-0.040946	 0.01550	 0.16555	-0.059710	 -0.2672	0.015504	-0.00031	 0.23236	-0.00320	-0.040946	-0.015504	-0.270715	-0.00261	 0.23902	-0.00323	   -6.98	   -3.51	  -59.85	   -0.83	    9.68	   -1.02	  418.65	 1002.33	   12.10	   1.224	   981.2	   40.04	3.539E+5	   0.118
      56	   7.996	   0.000	  0.9577	-0.008868	-0.00357	-0.00126	-0.141990	  0.9471	-0.003570	-0.00692	-0.23803	-0.00125	-0.008868	0.003570	0.957659	-0.00645	-0.23659	-0.00029	   -0.42	    0.81	  219.13	   -2.04	   -8.51	   -0.09	  417.03	 1002.35	   12.11	   1.224	   977.4	   39.96	3.532E+5	   0.118
      57	   0.004	   0.000	  0.1797	-0.046707	 0.01239	 0.11575	-0.046720	  0.1797	0.012390	-0.00232	 0.07083	-0.00254	-0.046707	-0.012390	0.179668	-0.00434	 0.07843	-0.00254	   -8.57	   -2.80	   42.65	   -1.37	    3.51	   -0.81	  417.90	 1002.37	   12.12	   1.224	   979.4	   40.00	3.536E+5	   0.118
      58	   0.004	   0.000	  0.1637	-0.027732	 0.01288	 0.12068	-0.027744	  0.1637	0.012875	-0.00368	 0.07975	-0.00216	-0.027732	-0.012875	0.163744	-0.00578	 0.08426	-0.00216	   -1.07	   -0.73	    9.77	   -0.46	    0.93	   -0.17	  105.06	 1002.40	   11.89	   1.225	   245.1	   20.00	1.771E+5	   0.059
