  Run_nr	   Alpha	    Beta	      CL	      CD	    Cyaw	 Cm_p_qc	      Ct	      Cn	   Cside	 Cm_roll	Cm_pitch	  Cm_yaw	      Cx	      Cy	      Cz	    Cm_x	    Cm_y	    Cm_z	      Fx	      Fy	      Fz	      Mx	      My	      Mz	     DPb	    Pbar	       T	     Rho	       Q	       V	      Re	       M
       /	 degrees	 degrees	       /	       /	       /	       /	       /	       /	       /	       /	       /	       /	       /	       /	       /	       /	       /	       /	       N	       N	       N	      Nm	      Nm	      Nm	      Pa	      Pa	 degr. C	  kg/m^3	      Pa	     m/s	       /	       /
       1	   0.000	   0.000	  0.2169	-0.031173	 0.01223	-0.01510	-0.031174	  0.2169	0.012233	-0.00213	-0.06932	-0.00208	-0.031173	-0.012233	0.216898	-0.00412	-0.06425	-0.00208	   -1.27	   -0.69	   12.81	   -0.33	   -0.45	   -0.17	  105.27	 1001.23	   11.14	   1.227	   245.6	   20.01	1.777E+5	   0.059
       2	   7.996	   0.000	  0.9846	0.013026	 0.00147	-0.09444	-0.124063	  0.9768	0.001471	-0.00614	-0.33865	-0.00113	0.013026	-0.001471	0.984578	-0.00648	-0.34077	-0.00028	    1.14	   -0.08	   56.74	   -0.52	   -3.12	   -0.02	  105.56	 1001.21	   10.96	   1.228	   246.3	   20.03	1.781E+5	   0.059
       3	  -3.996	   0.000	 -0.2189	-0.027887	 0.01014	 0.02791	-0.043076	 -0.2165	0.010139	-0.00136	 0.08203	-0.00200	-0.027887	-0.010139	-0.218943	-0.00287	 0.08656	-0.00210	   -1.01	   -0.57	  -12.04	   -0.23	    1.00	   -0.17	  105.20	 1079.93	   10.90	   1.324	   245.4	   19.25	1.847E+5	   0.057
       4	  -3.996	   0.000	 -0.2108	0.017253	 0.00790	 0.04341	0.002523	 -0.2115	0.007897	-0.00036	 0.09627	-0.00080	0.017253	-0.007897	-0.210774	-0.00159	 0.09347	-0.00083	    1.55	   -0.45	  -11.58	   -0.13	    1.06	   -0.07	  105.27	 1001.20	   10.85	   1.228	   245.6	   20.00	1.780E+5	   0.059
       5	   7.996	   0.000	  0.9709	0.056389	 0.00250	-0.05498	-0.079218	  0.9693	0.002499	-0.00457	-0.29731	-0.00119	0.056389	-0.002499	0.970891	-0.00510	-0.30648	-0.00056	    3.59	   -0.14	   55.71	   -0.40	   -2.79	   -0.04	  105.07	 1001.27	   10.84	   1.228	   245.1	   19.98	1.778E+5	   0.059
       6	   0.004	   0.000	  0.2170	0.015409	 0.01014	 0.01031	0.015393	  0.2170	0.010136	-0.00128	-0.04394	-0.00134	0.015409	-0.010136	0.216993	-0.00293	-0.04644	-0.00134	    1.37	   -0.57	   12.78	   -0.23	   -0.29	   -0.11	  105.03	 1001.26	   10.82	   1.228	   245.0	   19.97	1.778E+5	   0.059
       7	   0.004	   0.000	  0.2159	0.039837	 0.00772	 0.02481	0.039822	  0.2159	0.007724	-0.00084	-0.02916	-0.00045	0.039837	-0.007724	0.215879	-0.00210	-0.03564	-0.00045	    2.77	   -0.44	   12.78	   -0.17	   -0.19	   -0.04	  105.57	 1001.28	   10.81	   1.228	   246.3	   20.02	1.782E+5	   0.059
       8	  -4.000	   0.000	 -0.2095	0.041570	 0.00445	 0.04995	0.026852	 -0.2119	0.004454	 0.00001	 0.10293	 0.00034	0.041570	-0.004454	-0.209544	-0.00073	 0.09617	 0.00034	    2.95	   -0.25	  -11.56	   -0.06	    1.09	    0.03	  105.70	 1015.93	   10.80	   1.246	   246.6	   19.89	1.797E+5	   0.059
       9	   7.996	   0.000	  0.9635	0.080828	 0.00381	-0.03606	-0.053979	  0.9654	0.003811	-0.00343	-0.27740	-0.00149	0.080828	-0.003811	0.963504	-0.00423	-0.29055	-0.00102	    5.00	   -0.22	   55.57	   -0.34	   -2.65	   -0.08	  105.62	 1001.30	   10.80	   1.228	   246.4	   20.03	1.783E+5	   0.059
      10	   7.996	   0.000	  0.9724	0.068755	 0.00219	-0.05222	-0.067167	  0.9725	0.002192	-0.00310	-0.29534	-0.00211	0.068755	-0.002192	0.972361	-0.00373	-0.30652	-0.00170	   17.17	   -0.50	  223.29	   -1.18	  -11.16	   -0.54	  418.61	 1001.31	   11.18	   1.227	   981.1	   39.99	3.552E+5	   0.118
      11	   0.004	   0.000	  0.2208	0.028701	 0.00710	 0.03114	0.028685	  0.2208	0.007100	-0.00031	-0.02406	-0.00075	0.028701	-0.007100	0.220776	-0.00147	-0.02873	-0.00075	    8.52	   -1.61	   52.13	   -0.47	   -0.49	   -0.24	  419.37	 1001.34	   11.34	   1.226	   982.9	   40.04	3.553E+5	   0.118
      12	  -4.000	   0.000	 -0.2204	0.031636	 0.00523	 0.06536	0.016188	 -0.2220	0.005232	 0.00049	 0.12087	 0.00035	0.031636	-0.005232	-0.220364	-0.00039	 0.11572	 0.00038	    9.48	   -1.19	  -48.49	   -0.12	    5.08	    0.12	  419.09	 1001.38	   11.48	   1.226	   982.2	   40.04	3.549E+5	   0.118
      13	  -4.000	   0.000	 -0.2229	0.002635	 0.00875	 0.05616	-0.012922	 -0.2226	0.008748	 0.00006	 0.11180	-0.00089	0.002635	-0.008748	-0.222949	-0.00130	 0.11138	-0.00089	    2.90	   -1.98	  -49.01	   -0.41	    4.91	   -0.28	  418.54	 1001.40	   11.60	   1.225	   980.9	   40.02	3.545E+5	   0.118
      14	   2.147	   0.000	  0.4248	0.007011	 0.00807	 0.00809	-0.008910	  0.4247	0.008074	-0.00196	-0.09809	-0.00148	0.007011	-0.008074	0.424778	-0.00333	-0.09923	-0.00141	    3.41	   -1.82	   98.26	   -1.05	   -3.20	   -0.45	  417.43	 1001.42	   11.69	   1.225	   978.3	   39.97	3.539E+5	   0.118
      15	   0.004	   0.000	  0.2186	-0.000137	 0.00850	 0.02406	-0.000153	  0.2186	0.008496	-0.00124	-0.03059	-0.00120	-0.000137	-0.008496	0.218617	-0.00262	-0.03057	-0.00120	    1.97	   -1.92	   51.37	   -0.83	   -0.55	   -0.38	  417.23	 1080.22	   11.71	   1.321	   977.8	   38.48	3.674E+5	   0.114
      16	   7.996	   0.000	  0.9765	0.040835	 0.00075	-0.05948	-0.095396	  0.9727	0.000752	-0.00442	-0.30264	-0.00189	0.040835	-0.000752	0.976465	-0.00476	-0.30929	-0.00129	   10.85	   -0.17	  224.36	   -1.51	  -11.27	   -0.41	  418.87	 1001.43	   11.76	   1.224	   981.7	   40.04	3.544E+5	   0.118
      17	   7.996	   0.000	  0.9904	-0.004483	-0.00514	-0.09911	-0.142210	  0.9801	-0.005141	-0.00663	-0.34415	-0.00070	-0.004483	0.005141	0.990392	-0.00583	-0.34342	 0.00022	    0.57	    1.17	  227.38	   -1.85	  -12.54	    0.07	  418.61	 1001.50	   11.74	   1.225	   981.1	   40.03	3.543E+5	   0.118
      18	  -3.996	   0.000	 -0.2285	-0.043691	 0.01365	 0.04274	-0.059510	 -0.2249	0.013648	-0.00052	 0.09897	-0.00250	-0.043691	-0.013648	-0.228530	-0.00257	 0.10608	-0.00254	   -7.58	   -3.08	  -50.14	   -0.81	    4.70	   -0.80	  417.36	 1001.48	   11.87	   1.224	   978.2	   39.98	3.536E+5	   0.118
      19	  -0.004	   0.000	  0.2169	-0.047321	 0.00976	 0.00290	-0.047307	  0.2169	0.009759	-0.00252	-0.05132	-0.00164	-0.047321	-0.009759	0.216869	-0.00411	-0.04362	-0.00164	   -8.71	   -2.21	   51.11	   -1.30	   -1.04	   -0.52	  418.27	 1001.54	   11.98	   1.224	   980.3	   40.03	3.538E+5	   0.118
      20	  -0.004	   0.000	  0.2044	-0.030916	 0.01334	 0.00675	-0.030903	  0.2044	0.013340	-0.00287	-0.04434	-0.00236	-0.030916	-0.013340	0.204370	-0.00504	-0.03931	-0.00236	   -1.25	   -0.76	   12.07	   -0.40	   -0.22	   -0.19	  105.10	 1001.58	   11.67	   1.225	   245.2	   20.01	1.772E+5	   0.059
