1.000,425.086,1025.705,13.740,1.246,996.403,40.000,1135352.399,0.000,0.000,0.000,0.000,0.003,0.000,0.000,0.000,0.000,0.027,19.146,0.000,0.000,-0.000,7.625,0.000,0.027,20.962,0.000,0.150,0.000,0.000,0.000,0.000,-67614.563,0.000,0.000,4.000,3.000,2025.000,9.000,9.000,28.000
1.000,425.055,1025.705,13.720,1.246,996.330,39.997,1135411.821,0.000,0.000,0.000,0.000,0.003,0.000,0.000,0.000,0.000,0.027,19.154,0.000,0.000,-0.000,7.625,0.000,0.033,20.965,0.000,0.150,0.000,0.000,0.000,0.000,-67614.558,0.000,0.000,4.000,3.000,2025.000,9.000,9.000,29.000
1.000,425.066,1025.704,13.740,1.246,996.356,39.999,1135324.926,0.000,0.000,0.000,0.000,0.003,0.000,0.000,0.000,0.000,0.033,19.148,0.000,0.000,-0.000,7.625,0.000,0.033,20.972,0.000,0.150,0.000,0.000,0.000,0.000,-67614.632,0.000,0.000,4.000,3.000,2025.000,9.000,9.000,29.000
1.000,425.038,1025.703,13.740,1.246,996.290,39.998,1135286.684,0.000,0.000,0.000,0.000,0.003,0.000,0.000,0.000,0.000,0.027,19.119,0.000,0.000,-0.000,7.625,0.000,0.033,20.938,0.000,0.150,0.000,0.000,0.000,0.000,-67614.691,0.000,0.000,4.000,3.000,2025.000,9.000,9.000,30.000
1.000,425.059,1025.706,13.740,1.246,996.339,39.999,1135316.611,0.000,0.000,0.000,0.000,0.003,0.000,0.000,0.000,0.000,0.027,19.099,0.000,0.000,-0.000,7.625,0.000,0.033,20.918,0.000,0.150,0.000,0.000,0.000,0.000,-67614.849,0.000,0.000,4.000,3.000,2025.000,9.000,9.000,30.000
1.000,425.092,1025.704,13.740,1.246,996.417,40.000,1135359.921,0.000,0.000,0.000,0.000,0.003,0.000,0.000,0.000,0.000,0.027,19.072,0.000,0.000,-0.000,7.625,0.000,0.033,20.917,0.000,0.150,0.000,0.000,0.000,0.000,-67614.890,0.000,0.000,4.000,3.000,2025.000,9.000,9.000,31.000
1.000,425.066,1025.705,13.740,1.246,996.356,39.999,1135325.479,0.000,0.000,0.000,0.000,0.003,0.000,0.000,0.000,0.000,0.022,19.063,0.000,0.000,-0.000,7.625,0.000,0.033,20.883,0.000,0.150,0.000,0.000,0.000,0.000,-67614.834,0.000,0.000,4.000,3.000,2025.000,9.000,9.000,31.000
1.000,425.023,1025.706,13.740,1.246,996.254,39.997,1135268.154,0.000,0.000,0.000,0.000,0.003,0.000,0.000,0.000,0.000,0.027,19.053,0.000,0.000,-0.000,7.625,0.000,0.027,20.855,0.000,0.150,0.000,0.000,0.000,0.000,-67614.894,0.000,0.000,4.000,3.000,2025.000,9.000,9.000,32.000
1.000,425.058,1025.704,13.740,1.246,996.337,39.999,1135314.158,0.000,0.000,0.000,0.000,0.003,0.000,0.000,0.000,0.000,0.027,19.037,0.000,0.000,-0.000,7.625,0.000,0.027,20.832,0.000,0.150,0.000,0.000,0.000,0.000,-67614.945,0.000,0.000,4.000,3.000,2025.000,9.000,9.000,32.000
1.000,425.075,1025.702,13.740,1.246,996.377,40.000,1135335.933,0.000,0.000,0.000,0.000,0.003,0.000,0.000,0.000,0.000,0.027,19.022,0.000,0.000,-0.000,7.625,0.000,0.033,20.805,0.000,0.150,0.000,0.000,0.000,0.000,-67615.073,0.000,0.000,4.000,3.000,2025.000,9.000,9.000,33.000
1.000,425.086,1025.702,13.740,1.246,996.403,40.000,1135350.738,0.000,0.000,0.000,0.000,0.003,0.000,0.000,0.000,0.000,0.027,19.018,0.000,0.000,-0.000,7.625,0.000,0.033,20.796,0.000,0.150,0.000,0.000,0.000,0.000,-67615.150,0.000,0.000,4.000,3.000,2025.000,9.000,9.000,33.000
1.000,425.114,1025.703,13.740,1.246,996.469,40.001,1135388.978,0.000,0.000,0.000,0.000,0.003,0.000,0.000,0.000,0.000,0.027,18.996,0.000,0.000,-0.000,7.625,0.000,0.027,20.771,0.000,0.150,0.000,0.000,0.000,0.000,-67615.242,0.000,0.000,4.000,3.000,2025.000,9.000,9.000,34.000
1.000,425.127,1025.706,13.740,1.246,996.500,40.002,1135408.135,0.000,0.000,0.000,0.000,0.003,0.000,0.000,0.000,0.000,0.027,19.001,0.000,0.000,-0.000,7.625,0.000,0.033,20.779,0.000,0.150,0.000,0.000,0.000,0.000,-67615.179,0.000,0.000,4.000,3.000,2025.000,9.000,9.000,34.000
1.000,425.103,1025.705,13.740,1.246,996.443,40.001,1135375.280,0.000,0.000,0.000,0.000,0.003,0.000,0.000,0.000,0.000,0.033,18.965,0.000,0.000,-0.000,7.625,0.000,0.033,20.753,0.000,0.150,0.000,0.000,0.000,0.000,-67615.272,0.000,0.000,4.000,3.000,2025.000,9.000,9.000,35.000
1.000,425.100,1025.705,13.740,1.246,996.436,40.001,1135371.242,0.000,0.000,0.000,0.000,0.003,0.000,0.000,0.000,0.000,0.027,18.955,0.000,0.000,-0.000,7.625,0.000,0.033,20.736,0.000,0.150,0.000,0.000,0.000,0.000,-67615.379,0.000,0.000,4.000,3.000,2025.000,9.000,9.000,35.000
1.000,425.140,1025.705,13.740,1.246,996.531,40.003,1135425.078,0.000,0.000,0.000,0.000,0.003,0.000,0.000,0.000,0.000,0.027,18.940,0.000,0.000,-0.000,7.625,0.000,0.027,20.699,0.000,0.150,0.000,0.000,0.000,0.000,-67615.399,0.000,0.000,4.000,3.000,2025.000,9.000,9.000,36.000
1.000,425.122,1025.706,13.740,1.246,996.488,40.002,1135401.405,0.000,0.000,0.000,0.000,0.003,0.000,0.000,0.000,0.000,0.027,18.926,0.000,0.000,-0.000,7.625,0.000,0.033,20.700,0.000,0.150,0.000,0.000,0.000,0.000,-67615.503,0.000,0.000,4.000,3.000,2025.000,9.000,9.000,36.000
1.000,425.084,1025.705,13.740,1.246,996.398,40.000,1135349.707,0.000,0.000,0.000,0.000,0.003,0.000,0.000,0.000,0.000,0.027,18.898,0.000,0.000,-0.000,7.625,0.000,0.033,20.656,0.000,0.150,0.000,0.000,0.000,0.000,-67615.492,0.000,0.000,4.000,3.000,2025.000,9.000,9.000,37.000
1.000,425.070,1025.706,13.740,1.246,996.365,39.999,1135331.416,0.000,0.000,0.000,0.000,0.003,0.000,0.000,0.000,0.000,0.027,18.887,0.000,0.000,-0.000,7.625,0.000,0.038,20.653,0.000,0.150,0.000,0.000,0.000,0.000,-67615.516,0.000,0.000,4.000,3.000,2025.000,9.000,9.000,37.000
1.000,425.081,1025.706,13.740,1.246,996.391,40.000,1135346.222,0.000,0.000,0.000,0.000,0.003,0.000,0.000,0.000,0.000,0.027,18.873,0.000,0.000,-0.000,7.625,0.000,0.033,20.641,0.000,0.150,0.000,0.000,0.000,0.000,-67615.637,0.000,0.000,4.000,3.000,2025.000,9.000,9.000,38.000
1.000,425.086,1025.707,13.740,1.246,996.403,40.000,1135353.505,0.000,0.000,0.000,0.000,0.003,0.000,0.000,0.000,0.000,0.027,18.886,0.000,0.000,-0.000,7.625,0.000,0.033,20.612,0.000,0.150,0.000,0.000,0.000,0.000,-67615.634,0.000,0.000,4.000,3.000,2025.000,9.000,9.000,38.000
1.000,425.152,1025.708,13.740,1.246,996.559,40.003,1135442.889,0.000,0.000,0.000,0.000,0.003,0.000,0.000,0.000,0.000,0.027,18.854,0.000,0.000,-0.000,7.625,0.000,0.027,20.587,0.000,0.150,0.000,0.000,0.000,0.000,-67615.712,0.000,0.000,4.000,3.000,2025.000,9.000,9.000,39.000
1.000,425.166,1025.703,13.740,1.246,996.592,40.004,1135458.963,0.000,0.000,0.000,0.000,0.003,0.000,0.000,0.000,0.000,0.027,18.866,0.000,0.000,-0.000,7.625,0.000,0.033,20.594,0.000,0.150,0.000,0.000,0.000,0.000,-67615.785,0.000,0.000,4.000,3.000,2025.000,9.000,9.000,39.000
1.000,425.151,1025.704,13.740,1.246,996.557,40.003,1135439.329,0.000,0.000,0.000,0.000,0.003,0.000,0.000,0.000,0.000,0.027,18.832,0.000,0.000,-0.000,7.625,0.000,0.027,20.568,0.000,0.150,0.000,0.000,0.000,0.000,-67615.836,0.000,0.000,4.000,3.000,2025.000,9.000,9.000,40.000
1.000,425.145,1025.704,13.740,1.246,996.542,40.003,1135431.254,0.000,0.000,0.000,0.000,0.003,0.000,0.000,0.000,0.000,0.022,18.830,0.000,0.000,-0.000,7.625,0.000,0.027,20.541,0.000,0.150,0.000,0.000,0.000,0.000,-67615.907,0.000,0.000,4.000,3.000,2025.000,9.000,9.000,40.000
1.000,425.138,1025.704,13.740,1.246,996.526,40.002,1135421.833,0.000,0.000,0.000,0.000,0.003,0.000,0.000,0.000,0.000,0.027,18.804,0.000,0.000,-0.000,7.625,0.000,0.027,20.545,0.000,0.150,0.000,0.000,0.000,0.000,-67615.894,0.000,0.000,4.000,3.000,2025.000,9.000,9.000,41.000
1.000,425.126,1025.707,13.740,1.246,996.497,40.002,1135407.342,0.000,0.000,0.000,0.000,0.003,0.000,0.000,0.000,0.000,0.027,18.819,0.000,0.000,-0.000,7.625,0.000,0.033,20.522,0.000,0.150,0.000,0.000,0.000,0.000,-67615.939,0.000,0.000,4.000,3.000,2025.000,9.000,9.000,41.000
1.000,425.076,1025.707,13.740,1.246,996.379,39.999,1135340.046,0.000,0.000,0.000,0.000,0.003,0.000,0.000,0.000,0.000,0.022,18.771,0.000,0.000,-0.000,7.625,0.000,0.033,20.496,0.000,0.150,0.000,0.000,0.000,0.000,-67616.015,0.000,0.000,4.000,3.000,2025.000,9.000,9.000,42.000
1.000,425.136,1025.707,13.740,1.246,996.521,40.002,1135420.801,0.000,0.000,0.000,0.000,0.003,0.000,0.000,0.000,0.000,0.027,18.774,0.000,0.000,-0.000,7.625,0.000,0.038,20.492,0.000,0.150,0.000,0.000,0.000,0.000,-67616.177,0.000,0.000,4.000,3.000,2025.000,9.000,9.000,42.000
1.000,425.133,1025.705,13.740,1.246,996.514,40.002,1135415.657,0.000,0.000,0.000,0.000,0.003,0.000,0.000,0.000,0.000,0.027,18.742,0.000,0.000,-0.000,7.625,0.000,0.027,20.481,0.000,0.150,0.000,0.000,0.000,0.000,-67616.098,0.000,0.000,4.000,3.000,2025.000,9.000,9.000,43.000
1.000,425.140,1025.705,13.740,1.246,996.531,40.003,1135425.078,0.000,0.000,0.000,0.000,0.003,0.000,0.000,0.000,0.000,0.027,18.763,0.000,0.000,-0.000,7.625,0.000,0.027,20.440,0.000,0.150,0.000,0.000,0.000,0.000,-67616.163,0.000,0.000,4.000,3.000,2025.000,9.000,9.000,43.000
1.000,425.086,1025.705,13.740,1.246,996.403,40.000,1135352.399,0.000,0.000,0.000,0.000,0.003,0.000,0.000,0.000,0.000,0.022,18.722,0.000,0.000,-0.000,7.625,0.000,0.033,20.440,0.000,0.150,0.000,0.000,0.000,0.000,-67616.249,0.000,0.000,4.000,3.000,2025.000,9.000,9.000,44.000
1.000,425.077,1025.706,13.740,1.246,996.382,40.000,1135340.838,0.000,0.000,0.000,0.000,0.003,0.000,0.000,0.000,0.000,0.027,18.727,0.000,0.000,-0.000,7.625,0.000,0.038,20.408,0.000,0.150,0.000,0.000,0.000,0.000,-67616.321,0.000,0.000,4.000,3.000,2025.000,9.000,9.000,44.000
1.000,425.053,1025.706,13.740,1.246,996.325,39.998,1135308.535,0.000,0.000,0.000,0.000,0.003,0.000,0.000,0.000,0.000,0.033,18.689,0.000,0.000,-0.000,7.625,0.000,0.027,20.397,0.000,0.150,0.000,0.000,0.000,0.000,-67616.428,0.000,0.000,4.000,3.000,2025.000,9.000,9.000,45.000
1.000,425.088,1025.706,13.740,1.246,996.408,40.000,1135355.644,0.000,0.000,0.000,0.000,0.003,0.000,0.000,0.000,0.000,0.033,18.689,0.000,0.000,-0.000,7.625,0.000,0.033,20.398,0.000,0.150,0.000,0.000,0.000,0.000,-67616.385,0.000,0.000,4.000,3.000,2025.000,9.000,9.000,45.000
1.000,425.157,1025.707,13.740,1.246,996.571,40.003,1135449.064,0.000,0.000,0.000,0.000,0.003,0.000,0.000,0.000,0.000,0.033,18.686,0.000,0.000,-0.000,7.625,0.000,0.027,20.375,0.000,0.150,0.000,0.000,0.000,0.000,-67616.435,0.000,0.000,4.000,3.000,2025.000,9.000,9.000,46.000
1.000,425.184,1025.705,13.740,1.246,996.634,40.005,1135484.295,0.000,0.000,0.000,0.000,0.003,0.000,0.000,0.000,0.000,0.027,18.651,0.000,0.000,-0.000,7.625,0.000,0.033,20.364,0.000,0.150,0.000,0.000,0.000,0.000,-67616.452,0.000,0.000,4.000,3.000,2025.000,9.000,9.000,46.000
1.000,425.110,1025.708,13.740,1.246,996.460,40.001,1135386.361,0.000,0.000,0.000,0.000,0.003,0.000,0.000,0.000,0.000,0.033,18.650,0.000,0.000,-0.000,7.625,0.000,0.027,20.326,0.000,0.150,0.000,0.000,0.000,0.000,-67616.566,0.000,0.000,4.000,3.000,2025.000,9.000,9.000,47.000
1.000,425.075,1025.707,13.740,1.246,996.377,39.999,1135338.700,0.000,0.000,0.000,0.000,0.003,0.000,0.000,0.000,0.000,0.033,18.614,0.000,0.000,-0.000,7.625,0.000,0.033,20.316,0.000,0.150,0.000,0.000,0.000,0.000,-67616.590,0.000,0.000,4.000,3.000,2025.000,9.000,9.000,47.000
1.000,425.026,1025.706,13.740,1.246,996.261,39.997,1135272.192,0.000,0.000,0.000,0.000,0.003,0.000,0.000,0.000,0.000,0.027,18.628,0.000,0.000,-0.000,7.625,0.000,0.027,20.301,0.000,0.150,0.000,0.000,0.000,0.000,-67616.623,0.000,0.000,4.000,3.000,2025.000,9.000,9.000,48.000
1.000,425.018,1025.708,13.740,1.246,996.242,39.997,1135262.530,0.000,0.000,0.000,0.000,0.003,0.000,0.000,0.000,0.000,0.027,18.605,0.000,0.000,-0.000,7.625,0.000,0.027,20.296,0.000,0.150,0.000,0.000,0.000,0.000,-67616.707,0.000,0.000,4.000,3.000,2025.000,9.000,9.000,48.000
1.000,425.080,1025.707,13.740,1.246,996.389,40.000,1135345.430,0.000,0.000,0.000,0.000,0.003,0.000,0.000,0.000,0.000,0.022,18.597,0.000,0.000,-0.000,7.625,0.000,0.033,20.268,0.000,0.150,0.000,0.000,0.000,0.000,-67616.782,0.000,0.000,4.000,3.000,2025.000,9.000,9.000,49.000
1.000,425.122,1025.708,13.740,1.246,996.488,40.002,1135402.512,0.000,0.000,0.000,0.000,0.003,0.000,0.000,0.000,0.000,0.027,18.566,0.000,0.000,-0.000,7.625,0.000,0.033,20.256,0.000,0.150,0.000,0.000,0.000,0.000,-67616.889,0.000,0.000,4.000,3.000,2025.000,9.000,9.000,49.000
1.000,425.101,1025.706,13.740,1.246,996.438,40.001,1135373.141,0.000,0.000,0.000,0.000,0.003,0.000,0.000,0.000,0.000,0.033,18.554,0.000,0.000,-0.000,7.625,0.000,0.033,20.239,0.000,0.150,0.000,0.000,0.000,0.000,-67616.881,0.000,0.000,4.000,3.000,2025.000,9.000,9.000,50.000
1.000,425.039,1025.708,13.740,1.246,996.292,39.998,1135290.797,0.000,0.000,0.000,0.000,0.003,0.000,0.000,0.000,0.000,0.027,18.547,0.000,0.000,-0.000,7.625,0.000,0.033,20.243,0.000,0.150,0.000,0.000,0.000,0.000,-67616.889,0.000,0.000,4.000,3.000,2025.000,9.000,9.000,50.000
1.000,424.991,1025.710,13.740,1.246,996.179,39.995,1135227.293,0.000,0.000,0.000,0.000,0.003,0.000,0.000,0.000,0.000,0.022,18.549,0.000,0.000,-0.000,7.625,0.000,0.027,20.209,0.000,0.150,0.000,0.000,0.000,0.000,-67617.054,0.000,0.000,4.000,3.000,2025.000,9.000,9.000,51.000
1.000,424.978,1025.704,13.740,1.246,996.148,39.995,1135206.473,0.000,0.000,0.000,0.000,0.003,0.000,0.000,0.000,0.000,0.022,18.558,0.000,0.000,-0.000,7.625,0.000,0.033,20.187,0.000,0.150,0.000,0.000,0.000,0.000,-67617.085,0.000,0.000,4.000,3.000,2025.000,9.000,9.000,51.000
1.000,425.004,1025.706,13.760,1.245,996.209,39.997,1135141.454,0.000,0.000,0.000,0.000,0.003,0.000,0.000,0.000,0.000,0.027,18.523,0.000,0.000,-0.000,7.625,0.000,0.027,20.188,0.000,0.150,0.000,0.000,0.000,0.000,-67617.075,0.000,0.000,4.000,3.000,2025.000,9.000,9.000,52.000
1.000,424.993,1025.709,13.760,1.245,996.183,39.997,1135128.308,0.000,0.000,0.000,0.000,0.003,0.000,0.000,0.000,0.000,0.027,18.513,0.000,0.000,-0.000,7.625,0.000,0.033,20.164,0.000,0.150,0.000,0.000,0.000,0.000,-67617.132,0.000,0.000,4.000,3.000,2025.000,9.000,9.000,52.000
1.000,424.946,1025.708,13.760,1.245,996.072,39.995,1135064.492,0.000,0.000,0.000,0.000,0.003,0.000,0.000,0.000,0.000,0.027,18.490,0.000,0.000,-0.000,7.625,0.000,0.033,20.159,0.000,0.150,0.000,0.000,0.000,0.000,-67617.243,0.000,0.000,4.000,3.000,2025.000,9.000,9.000,53.000
1.000,424.924,1025.709,13.760,1.245,996.020,39.994,1135035.432,0.000,0.000,0.000,0.000,0.003,0.000,0.000,0.000,0.000,0.027,18.491,0.000,0.000,-0.000,7.625,0.000,0.033,20.143,0.000,0.150,0.000,0.000,0.000,0.000,-67617.374,0.000,0.000,4.000,3.000,2025.000,9.000,9.000,53.000
1.000,424.926,1025.707,13.760,1.245,996.025,39.994,1135037.017,0.000,0.000,0.000,0.000,0.003,0.000,0.000,0.000,0.000,0.022,18.446,0.000,0.000,-0.000,7.625,0.000,0.027,20.104,0.000,0.150,0.000,0.000,0.000,0.000,-67617.271,0.000,0.000,4.000,3.000,2025.000,9.000,9.000,54.000
1.000,424.988,1025.710,13.760,1.245,996.171,39.997,1135122.131,0.000,0.000,0.000,0.000,0.003,0.000,0.000,0.000,0.000,0.027,18.441,0.000,0.000,-0.000,7.625,0.000,0.033,20.100,0.000,0.150,0.000,0.000,0.000,0.000,-67617.338,0.000,0.000,4.000,3.000,2025.000,9.000,9.000,54.000
1.000,425.020,1025.711,13.760,1.245,996.247,39.998,1135165.756,0.000,0.000,0.000,0.000,0.003,0.000,0.000,0.000,0.000,0.027,18.432,0.000,0.000,-0.000,7.625,0.000,0.033,20.071,0.000,0.150,0.000,0.000,0.000,0.000,-67617.432,0.000,0.000,4.000,3.000,2025.000,9.000,9.000,55.000
1.000,425.055,1025.711,13.760,1.245,996.330,40.000,1135212.863,0.000,0.000,0.000,0.000,0.003,0.000,0.000,0.000,0.000,0.022,18.434,0.000,0.000,-0.000,7.625,0.000,0.033,20.070,0.000,0.150,0.000,0.000,0.000,0.000,-67617.422,0.000,0.000,4.000,3.000,2025.000,9.000,9.000,55.000
1.000,425.038,1025.710,13.760,1.245,996.290,39.999,1135189.429,0.000,0.000,0.000,0.000,0.003,0.000,0.000,0.000,0.000,0.027,18.424,0.000,0.000,-0.000,7.625,0.000,0.033,20.042,0.000,0.150,0.000,0.000,0.000,0.000,-67617.484,0.000,0.000,4.000,3.000,2025.000,9.000,9.000,56.000
1.000,424.986,1025.710,13.760,1.245,996.167,39.997,1135119.440,0.000,0.000,0.000,0.000,0.003,0.000,0.000,0.000,0.000,0.027,18.402,0.000,0.000,-0.000,7.625,0.000,0.033,20.035,0.000,0.150,0.000,0.000,0.000,0.000,-67617.601,0.000,0.000,4.000,3.000,2025.000,9.000,9.000,56.000
1.000,424.989,1025.712,13.760,1.245,996.174,39.997,1135124.584,0.000,0.000,0.000,0.000,0.003,0.000,0.000,0.000,0.000,0.022,18.391,0.000,0.000,-0.000,7.625,0.000,0.033,20.029,0.000,0.150,0.000,0.000,0.000,0.000,-67617.677,0.000,0.000,4.000,3.000,2025.000,9.000,9.000,57.000
1.000,424.990,1025.711,13.760,1.245,996.176,39.997,1135125.377,0.000,0.000,0.000,0.000,0.003,0.000,0.000,0.000,0.000,0.027,18.393,0.000,0.000,-0.000,7.625,0.000,0.027,20.010,0.000,0.150,0.000,0.000,0.000,0.000,-67617.718,0.000,0.000,4.000,3.000,2025.000,9.000,9.000,57.000
1.000,425.023,1025.709,13.760,1.245,996.254,39.998,1135168.687,0.000,0.000,0.000,0.000,0.003,0.000,0.000,0.000,0.000,0.027,18.367,0.000,0.000,-0.000,7.625,0.000,0.027,20.004,0.000,0.150,0.000,0.000,0.000,0.000,-67617.773,0.000,0.000,4.000,3.000,2025.000,9.000,9.000,58.000
