41.000,419.506,1001.326,11.280,1.226,983.222,40.043,457433.772,0.000,0.000,0.000,0.000,0.004,0.000,89.389,0.000,0.169,1.342,13.297,0.000,44.270,89.630,-23.538,0.118,2.045,13.977,3.235,44.389,19.000,2.000,2026.000,15.000,46.000,33.000
41.000,419.483,1001.324,11.280,1.226,983.168,40.041,457420.678,0.000,0.000,0.000,0.000,0.004,0.000,89.466,0.000,0.137,4.270,13.321,0.000,45.089,89.424,-20.098,0.103,2.111,13.968,0.637,44.784,19.000,2.000,2026.000,15.000,46.000,34.000
41.000,419.439,1001.322,11.300,1.226,983.064,40.041,457354.893,0.000,0.000,0.000,0.000,0.004,0.000,89.458,0.000,0.064,1.353,13.326,0.000,45.050,89.443,-23.436,0.107,1.843,13.982,0.933,44.511,19.000,2.000,2026.000,15.000,46.000,34.000
41.000,419.406,1001.321,11.300,1.226,982.986,40.039,457336.534,0.000,0.000,0.000,0.000,0.004,0.000,89.370,0.000,0.133,1.374,13.332,0.000,45.159,89.305,-28.431,0.029,1.811,14.003,0.633,44.910,19.000,2.000,2026.000,15.000,46.000,35.000
41.000,419.375,1001.322,11.300,1.226,982.912,40.038,457319.729,0.000,0.000,0.000,0.000,0.004,0.000,89.465,0.000,0.107,3.136,13.311,0.000,45.271,89.396,-34.731,0.108,1.631,13.995,0.738,44.245,19.000,2.000,2026.000,15.000,46.000,35.000
41.000,419.381,1001.321,11.300,1.226,982.927,40.038,457322.797,0.000,0.000,0.000,0.000,0.004,0.000,89.535,0.000,0.112,2.291,13.335,0.000,44.620,89.462,-55.099,0.150,2.525,14.002,1.875,44.546,19.000,2.000,2026.000,15.000,46.000,36.000
41.000,419.385,1001.321,11.300,1.226,982.936,40.038,457324.995,0.000,0.000,0.000,0.000,0.004,0.000,89.482,0.000,0.173,1.680,13.310,0.000,45.110,89.380,-69.489,0.026,3.474,14.005,1.895,44.872,19.000,2.000,2026.000,15.000,46.000,36.000
41.000,419.394,1001.322,11.300,1.226,982.957,40.039,457330.169,0.000,0.000,0.000,0.000,0.004,0.000,89.682,0.000,0.091,1.745,13.330,0.000,44.508,89.491,-75.676,0.134,2.067,13.994,2.793,44.949,19.000,2.000,2026.000,15.000,46.000,37.000
41.000,419.367,1001.321,11.300,1.226,982.894,40.037,457315.105,0.000,0.000,0.000,0.000,0.004,0.000,89.570,0.000,0.227,4.041,13.343,0.000,45.274,89.327,-62.430,0.050,1.625,14.000,1.890,44.875,19.000,2.000,2026.000,15.000,46.000,37.000
41.000,419.346,1001.324,11.300,1.226,982.844,40.036,457304.251,0.000,0.000,0.000,0.000,0.004,0.000,89.535,0.000,0.152,1.456,13.320,0.000,44.886,89.371,-68.675,0.088,1.532,14.022,2.339,44.980,19.000,2.000,2026.000,15.000,46.000,38.000
41.000,419.334,1001.324,11.320,1.226,982.816,40.037,457256.517,0.000,0.000,0.000,0.000,0.004,0.000,89.703,0.000,0.202,1.789,13.334,0.000,44.693,89.472,-101.368,0.092,4.003,14.034,2.791,44.756,19.000,2.000,2026.000,15.000,46.000,38.000
41.000,419.339,1001.325,11.320,1.226,982.827,40.037,457259.493,0.000,0.000,0.000,0.000,0.004,0.000,89.364,0.000,0.117,1.200,13.320,0.000,45.162,89.630,-80.556,0.148,3.147,14.036,2.852,45.005,19.000,2.000,2026.000,15.000,46.000,39.000
41.000,419.349,1001.328,11.320,1.226,982.851,40.038,457265.672,0.000,0.000,0.000,0.000,0.004,0.000,89.388,0.000,0.099,1.325,13.329,0.000,45.106,89.368,-74.570,0.034,3.932,14.018,0.298,44.865,19.000,2.000,2026.000,15.000,46.000,39.000
41.000,419.394,1001.330,11.320,1.226,982.957,40.040,457290.853,0.000,0.000,0.000,0.000,0.004,0.000,89.384,0.000,0.179,1.631,13.342,0.000,44.798,89.450,-84.114,0.171,0.965,14.023,1.448,44.816,19.000,2.000,2026.000,15.000,46.000,40.000
41.000,419.360,1001.332,11.320,1.226,982.877,40.038,457272.629,0.000,0.000,0.000,0.000,0.004,0.000,89.533,0.000,0.162,3.829,13.346,0.000,45.197,89.351,-83.028,0.024,1.985,14.056,2.798,44.924,19.000,2.000,2026.000,15.000,46.000,40.000
41.000,419.405,1001.331,11.320,1.226,982.983,40.040,457297.125,0.000,0.000,0.000,0.000,0.004,0.000,89.437,0.000,0.084,1.227,13.340,0.000,45.274,89.557,-78.409,0.337,2.378,14.049,2.124,45.159,19.000,2.000,2026.000,15.000,46.000,41.000
41.000,419.420,1001.331,11.320,1.226,983.019,40.041,457305.366,0.000,0.000,0.000,0.000,0.004,0.000,89.509,0.000,0.088,2.950,13.343,0.000,45.078,89.313,-57.722,0.022,1.778,14.064,1.720,44.886,19.000,2.000,2026.000,15.000,46.000,41.000
41.000,419.422,1001.330,11.320,1.226,983.023,40.041,457306.236,0.000,0.000,0.000,0.000,0.004,0.000,89.631,0.000,0.228,1.565,13.374,0.000,45.306,89.338,-60.587,0.040,2.340,14.084,3.968,44.938,19.000,2.000,2026.000,15.000,46.000,42.000
41.000,419.359,1001.333,11.320,1.226,982.875,40.038,457272.308,0.000,0.000,0.000,0.000,0.004,0.000,89.531,0.000,0.166,2.078,13.345,0.000,44.956,89.371,-77.216,0.081,3.916,14.065,2.477,45.050,19.000,2.000,2026.000,15.000,46.000,42.000
41.000,419.338,1001.338,11.320,1.226,982.825,40.037,457261.911,0.000,0.000,0.000,0.000,0.004,0.000,89.572,0.000,0.073,1.876,13.348,0.000,45.068,89.593,-89.361,0.141,3.141,14.071,0.628,44.893,19.000,2.000,2026.000,15.000,46.000,43.000
41.000,419.267,1001.344,11.320,1.226,982.657,40.034,457224.269,0.000,0.000,0.000,0.000,0.004,0.000,89.314,0.000,0.188,1.472,13.355,0.000,45.372,89.672,-68.315,0.168,3.594,14.074,5.111,45.033,19.000,2.000,2026.000,15.000,46.000,43.000
41.000,419.254,1001.345,11.320,1.226,982.627,40.033,457217.354,0.000,0.000,0.000,0.000,0.004,0.000,89.401,0.000,0.110,5.328,13.359,0.000,45.054,89.546,-62.917,0.180,1.505,14.103,2.386,44.935,19.000,2.000,2026.000,15.000,46.000,44.000
41.000,419.236,1001.346,11.320,1.226,982.584,40.032,457207.691,0.000,0.000,0.000,0.000,0.004,0.000,89.493,0.000,0.190,6.048,13.370,0.000,45.460,89.472,-59.256,0.135,1.647,14.097,1.967,44.921,19.000,2.000,2026.000,15.000,46.000,44.000
41.000,419.232,1001.347,11.340,1.226,982.575,40.033,457164.593,0.000,0.000,0.000,0.000,0.004,0.000,89.457,0.000,0.114,4.527,13.363,0.000,45.099,89.436,-62.145,0.117,2.678,14.099,1.016,45.103,19.000,2.000,2026.000,15.000,46.000,45.000
41.000,419.284,1001.345,11.340,1.226,982.698,40.036,457192.708,0.000,0.000,0.000,0.000,0.004,0.000,89.450,0.000,0.248,-0.409,13.393,0.000,44.420,89.362,-73.088,0.024,3.812,14.101,2.145,44.851,19.000,2.000,2026.000,15.000,46.000,45.000
41.000,419.265,1001.347,11.320,1.226,982.653,40.033,457223.855,0.000,0.000,0.000,0.000,0.004,0.000,89.539,0.000,0.210,6.583,13.372,0.000,45.134,89.389,-87.101,0.022,2.901,14.099,1.207,44.847,19.000,2.000,2026.000,15.000,46.000,46.000
41.000,419.271,1001.348,11.320,1.226,982.667,40.034,457227.380,0.000,0.000,0.000,0.000,0.004,0.000,89.410,0.000,0.162,1.183,13.377,0.000,45.040,89.515,-93.879,0.128,4.357,14.132,1.448,44.641,19.000,2.000,2026.000,15.000,46.000,46.000
41.000,419.357,1001.351,11.340,1.226,982.870,40.039,457234.185,0.000,0.000,0.000,0.000,0.004,0.000,89.446,0.000,0.046,1.445,13.386,0.000,45.197,89.557,-96.181,0.169,1.718,14.123,1.621,44.896,19.000,2.000,2026.000,15.000,46.000,47.000
41.000,419.406,1001.352,11.340,1.226,982.986,40.041,457261.332,0.000,0.000,0.000,0.000,0.004,0.000,89.582,0.000,0.148,6.364,13.375,0.000,45.050,89.601,-85.715,0.167,0.938,14.120,1.127,44.088,19.000,2.000,2026.000,15.000,46.000,47.000
41.000,419.476,1001.355,11.340,1.226,983.151,40.045,457300.471,0.000,0.000,0.000,0.000,0.004,0.000,89.425,0.000,0.115,3.921,13.373,0.000,45.215,89.414,-97.632,0.065,1.543,14.146,0.889,44.896,19.000,2.000,2026.000,15.000,46.000,48.000
41.000,419.508,1001.357,11.340,1.226,983.227,40.046,457318.505,0.000,0.000,0.000,0.000,0.004,0.000,89.668,0.000,0.241,3.910,13.397,0.000,44.599,89.530,-66.397,0.142,1.254,14.133,2.315,44.809,19.000,2.000,2026.000,15.000,46.000,48.000
41.000,419.507,1001.357,11.340,1.226,983.224,40.046,457317.956,0.000,0.000,0.000,0.000,0.004,0.000,89.630,0.000,0.226,1.413,13.388,0.000,45.033,89.324,-89.130,0.036,1.898,14.156,4.205,44.928,19.000,2.000,2026.000,15.000,46.000,49.000
41.000,419.469,1001.356,11.340,1.226,983.134,40.044,457296.854,0.000,0.000,0.000,0.000,0.004,0.000,89.432,0.000,0.199,4.036,13.408,0.000,44.977,89.440,-94.452,0.130,1.680,14.152,0.651,44.868,19.000,2.000,2026.000,15.000,46.000,49.000
41.000,419.390,1001.355,11.340,1.226,982.948,40.041,457253.228,0.000,0.000,0.000,0.000,0.004,0.000,89.504,0.000,0.123,1.707,13.393,0.000,45.260,89.401,-91.555,0.023,1.762,14.173,1.167,44.847,19.000,2.000,2026.000,15.000,46.000,50.000
41.000,419.378,1001.352,11.340,1.226,982.920,40.040,457245.950,0.000,0.000,0.000,0.000,0.004,0.000,89.542,0.000,0.261,4.897,13.423,0.000,44.872,89.367,-93.955,0.038,3.065,14.192,2.857,44.886,19.000,2.000,2026.000,15.000,46.000,50.000
41.000,419.379,1001.352,11.340,1.226,982.922,40.040,457246.500,0.000,0.000,0.000,0.000,0.004,0.000,89.516,0.000,0.188,1.614,13.417,0.000,44.858,89.704,-96.471,0.258,1.538,14.167,3.949,44.935,19.000,2.000,2026.000,15.000,46.000,51.000
41.000,419.333,1001.351,11.340,1.226,982.813,40.038,457220.999,0.000,0.000,0.000,0.000,0.004,0.000,89.474,0.000,0.163,1.407,13.430,0.000,45.215,89.472,-88.424,0.127,2.192,14.185,1.533,44.858,19.000,2.000,2026.000,15.000,46.000,51.000
41.000,419.309,1001.352,11.340,1.226,982.757,40.037,457208.042,0.000,0.000,0.000,0.000,0.004,0.000,89.597,0.000,0.282,2.438,13.424,0.000,44.924,89.450,-83.101,0.125,1.391,14.175,1.241,44.942,19.000,2.000,2026.000,15.000,46.000,52.000
41.000,419.293,1001.349,11.340,1.226,982.719,40.036,457198.566,0.000,0.000,0.000,0.000,0.004,0.000,89.213,0.000,0.084,1.598,13.426,0.000,45.320,89.466,-89.064,0.146,1.462,14.189,2.651,44.294,19.000,2.000,2026.000,15.000,46.000,52.000
41.000,419.287,1001.346,11.340,1.226,982.705,40.036,457194.585,0.000,0.000,0.000,0.000,0.004,0.000,89.567,0.000,0.078,1.789,13.439,0.000,44.910,89.544,-74.108,0.155,1.598,14.181,1.366,44.256,19.000,2.000,2026.000,15.000,46.000,53.000
41.000,419.285,1001.343,11.340,1.226,982.700,40.036,457192.801,0.000,0.000,0.000,0.000,0.004,0.000,89.329,0.000,0.100,4.150,13.423,0.000,45.162,89.368,-80.027,0.032,1.909,14.183,0.452,44.872,19.000,2.000,2026.000,15.000,46.000,53.000
41.000,419.233,1001.343,11.340,1.226,982.577,40.033,457164.230,0.000,0.000,0.000,0.000,0.004,0.000,89.584,0.000,0.081,1.571,13.400,0.000,45.026,89.457,-75.229,0.036,3.005,14.206,1.249,44.795,19.000,2.000,2026.000,15.000,46.000,54.000
41.000,419.231,1001.339,11.360,1.226,982.572,40.035,457121.097,0.000,0.000,0.000,0.000,0.004,0.000,89.340,0.000,0.122,1.887,13.454,0.000,45.323,89.401,-93.189,0.018,2.880,14.203,1.172,44.907,19.000,2.000,2026.000,15.000,46.000,54.000
41.000,419.265,1001.339,11.340,1.226,982.653,40.035,457180.899,0.000,0.000,0.000,0.000,0.004,0.000,89.379,0.000,0.147,2.765,13.455,0.000,45.611,89.370,-97.465,0.041,1.336,14.235,0.530,44.872,19.000,2.000,2026.000,15.000,46.000,55.000
41.000,419.307,1001.338,11.360,1.226,982.752,40.038,457162.622,0.000,0.000,0.000,0.000,0.004,0.000,89.380,0.000,0.100,3.376,13.440,0.000,45.145,89.405,-85.006,0.037,1.483,14.225,0.545,44.987,19.000,2.000,2026.000,15.000,46.000,55.000
41.000,419.321,1001.338,11.360,1.226,982.785,40.039,457170.313,0.000,0.000,0.000,0.000,0.004,0.000,89.574,0.000,0.175,-2.296,13.458,0.000,44.546,89.462,-98.549,0.030,3.076,14.235,1.684,44.872,19.000,2.000,2026.000,15.000,46.000,56.000
41.000,419.322,1001.338,11.360,1.226,982.787,40.039,457170.863,0.000,0.000,0.000,0.000,0.004,0.000,89.383,0.000,0.093,3.801,13.457,0.000,45.334,89.443,-82.646,0.035,2.062,14.219,0.526,44.868,19.000,2.000,2026.000,15.000,46.000,56.000
41.000,419.287,1001.341,11.360,1.226,982.705,40.037,457152.320,0.000,0.000,0.000,0.000,0.004,0.000,89.492,0.000,0.179,1.593,13.461,0.000,45.054,89.611,-78.410,0.179,5.612,14.246,2.237,44.403,19.000,2.000,2026.000,15.000,46.000,57.000
41.000,419.267,1001.342,11.360,1.226,982.657,40.036,457141.560,0.000,0.000,0.000,0.000,0.004,0.000,89.399,0.000,0.173,5.246,13.454,0.000,45.316,89.369,-60.466,0.057,2.372,14.261,1.238,44.889,19.000,2.000,2026.000,15.000,46.000,57.000
41.000,419.283,1001.342,11.360,1.226,982.695,40.037,457150.350,0.000,0.000,0.000,0.000,0.004,0.000,89.430,0.000,0.168,2.040,13.457,0.000,44.858,89.530,-59.433,0.141,2.950,14.240,1.664,44.704,19.000,2.000,2026.000,15.000,46.000,58.000
41.000,419.370,1001.338,11.360,1.226,982.901,40.041,457197.231,0.000,0.000,0.000,0.000,0.004,0.000,89.398,0.000,0.116,1.478,13.453,0.000,45.078,89.486,-74.196,0.206,1.963,14.258,1.346,44.851,19.000,2.000,2026.000,15.000,46.000,58.000
41.000,419.377,1001.338,11.360,1.226,982.917,40.042,457201.077,0.000,0.000,0.000,0.000,0.004,0.000,89.490,0.000,0.126,4.548,13.434,0.000,44.886,89.488,-83.584,0.185,1.658,14.272,0.804,44.466,19.000,2.000,2026.000,15.000,46.000,59.000
41.000,419.443,1001.338,11.380,1.226,983.073,40.046,457196.206,0.000,0.000,0.000,0.000,0.004,0.000,89.501,0.000,0.171,2.569,13.454,0.000,45.026,89.403,-77.721,0.024,1.434,14.257,1.379,44.910,19.000,2.000,2026.000,15.000,46.000,59.000
41.000,419.472,1001.337,11.380,1.226,983.142,40.048,457211.905,0.000,0.000,0.000,0.000,0.004,0.000,89.464,0.000,0.077,2.885,13.448,0.000,45.169,89.778,-84.879,0.172,4.608,14.278,3.067,45.267,19.000,2.000,2026.000,15.000,47.000,0.000
41.000,419.465,1001.331,11.380,1.226,983.125,40.048,457206.691,0.000,0.000,0.000,0.000,0.004,0.000,89.708,0.000,0.170,1.991,13.479,0.000,44.798,89.542,-70.167,0.244,2.820,14.279,3.118,44.315,19.000,2.000,2026.000,15.000,47.000,0.000
41.000,419.496,1001.326,11.380,1.226,983.198,40.049,457222.575,0.000,0.000,0.000,0.000,0.004,0.000,89.395,0.000,0.221,0.540,13.495,0.000,44.669,89.408,-84.100,0.028,3.616,14.285,1.370,44.833,19.000,2.000,2026.000,15.000,47.000,1.000
41.000,419.481,1001.323,11.380,1.226,983.163,40.048,457213.652,0.000,0.000,0.000,0.000,0.004,0.000,89.386,0.000,0.094,1.996,13.440,0.000,44.879,89.515,-80.699,0.184,1.342,14.299,1.195,44.809,19.000,2.000,2026.000,15.000,47.000,1.000
41.000,419.462,1001.319,11.380,1.226,983.118,40.048,457202.304,0.000,0.000,0.000,0.000,0.004,0.000,89.429,0.000,0.241,2.481,13.499,0.000,45.330,89.507,-84.169,0.196,1.887,14.292,1.205,44.305,19.000,2.000,2026.000,15.000,47.000,2.000
41.000,419.425,1001.312,11.380,1.226,983.031,40.046,457180.385,0.000,0.000,0.000,0.000,0.004,0.000,89.440,0.000,0.192,0.802,13.502,0.000,44.847,89.374,-83.665,0.085,1.816,14.304,1.557,44.896,19.000,2.000,2026.000,15.000,47.000,2.000
41.000,419.402,1001.310,11.400,1.226,982.976,40.046,457126.181,0.000,0.000,0.000,0.000,0.004,0.000,89.500,0.000,0.116,4.167,13.509,0.000,45.187,89.433,-67.651,0.154,1.385,14.305,1.970,44.956,19.000,2.000,2026.000,15.000,47.000,3.000
